00600001000000000000000184890000000000242150005000000000005085
00600001000000000000000184900000000001095040005000000000022996
00600001000000000000000184910000000000080990005000000000001701
00600001000000000000000184920000000000404960005000000000008504
00600001000000000000000184930000000000119830005000000000002517
00600001000000000000000184940000000000285120005000000000005988
00600001000000000000000184950000000000165290005000000000003471
00600001000000000000000184960000000000694210005000000000014579
00600001000000000000000184970000000000289260005000000000006074
00600001000000000000000184980000000000152890005000000000003211
00600001000000000000000185000000000000144630005000000000003037
00600001000000000000000185010000000000413220005000000000008678
00100001000000000000000009110000000000351240005000000000007376
00600001000000000000000185020000000001701650005000000000035735
00600001000000000000000185030000000000574380005000000000012062
00600001000000000000000185040000000000479340005000000000010066
00600001000000000000000185050000000000404960005000000000008504
00600001000000000000000185060000000000516530005000000000010847
00600001000000000000000185070000000000214880005000000000004512
00600001000000000000000185080000000000100830005000000000002117
00600001000000000000000185090000000000235540005000000000004946
00600001000000000000000185100000000001644630005000000000034537
00600001000000000000000185110000000000111570005000000000002343
00600001000000000000000185120000000000194210005000000000004079
00600001000000000000000185130000000000855370005000000000017963
00600001000000000000000185140000000000533060005000000000011194
00600001000000000000000185150000000000247930005000000000005207
00600001000000000000000185160000000000268600005000000000005640
00600001000000000000000185170000000000363640005000000000007636
00600001000000000000000185180000000000476860005000000000010014
00600001000000000000000185190000000000214880005000000000004512
00600001000000000000000185200000000000376860005000000000007914
00600001000000000000000185210000000000714880005000000000015012
00600001000000000000000185220000000000086780005000000000001822
00600001000000000000000185230000000000128100005000000000002690
00100001000000000000000009120000000000909090005000000000019091
00100001000000000000000009130000000000063640005000000000001336
00600001000000000000000185240000000000293390005000000000006161
00600001000000000000000185250000000000231400005000000000004860
00600001000000000000000185260000000000132230005000000000002777
00600001000000000000000185270000000000483470005000000000010153
00600001000000000000000185280000000000148760005000000000003124
00600001000000000000000185290000000001157020005000000000024298
00600001000000000000000185300000000000039670005000000000000833
00600001000000000000000185310000000000805790005000000000016921
00600001000000000000000185330000000001923140005000000000040386
00600001000000000000000185340000000000287600005000000000006040
00600001000000000000000185350000000000347110005000000000007289
00600001000000000000000185360000000001128100005000000000023690
00600001000000000000000185370000000000235540005000000000004946
00600001000000000000000185380000000000465290005000000000009771
00600001000000000000000185390000000000309920005000000000006508
00600001000000000000000185400000000000409090005000000000008591
00100001000000000000000009140000000000909090005000000000019091
00600001000000000000000185410000000000157020005000000000003298
00600001000000000000000185420000000000223140005000000000004686
00600001000000000000000185430000000000235540005000000000004946
00600001000000000000000185440000000000574380005000000000012062
00600001000000000000000185450000000000123970005000000000002603
00600001000000000000000185460000000000243800005000000000005120
00600001000000000000000185470000000000128100005000000000002690
00600001000000000000000185480000000000177690005000000000003731
00600001000000000000000185490000000000475210005000000000009979
00600001000000000000000185500000000001308260005000000000027474
00600001000000000000000185510000000000223140005000000000004686
00600001000000000000000185520000000000095040005000000000001996
00600001000000000000000185530000000000111570005000000000002343
00600001000000000000000185540000000001148760005000000000024124
00600001000000000000000185550000000000309920005000000000006508
00600001000000000000000185560000000000159500005000000000003350
00600001000000000000000185570000000000152070005000000000003193
00600001000000000000000185580000000000289260005000000000006074
00600001000000000000000185590000000000561980005000000000011802
00600001000000000000000185600000000000140500005000000000002950
00600001000000000000000185610000000000247930005000000000005207
00600001000000000000000185620000000001210740005000000000025426
00600001000000000000000185630000000000280170005000000000005883
00600001000000000000000185640000000000198350005000000000004165
00600001000000000000000185650000000000658680005000000000013832
00600001000000000000000185660000000001138020005000000000023898
00600001000000000000000185670000000000308260005000000000006474
00600001000000000000000185680000000000789260005000000000016574
00600001000000000000000185690000000000196690005000000000004131
00600001000000000000000185700000000000264460005000000000005554
00600001000000000000000185710000000000080990005000000000001701
00600001000000000000000185720000000000095040005000000000001996
00600001000000000000000185730000000000574380005000000000012062
00600001000000000000000185740000000000214880005000000000004512
00600001000000000000000185750000000000243800005000000000005120
00600001000000000000000185760000000000731400005000000000015360
00600001000000000000000185770000000000694210005000000000014579
00600001000000000000000185780000000000140500005000000000002950
00600001000000000000000185790000000000272730005000000000005727
00600001000000000000000185800000000000302480005000000000006352
00600001000000000000000185810000000000351240005000000000007376
00600001000000000000000185820000000000774380005000000000016262
00600001000000000000000185830000000000285120005000000000005988
00600001000000000000000185840000000000570250005000000000011975
00600001000000000000000185850000000000223140005000000000004686
00600001000000000000000185860000000000061980005000000000001302
00600001000000000000000185870000000000487600005000000000010240
00600001000000000000000185880000000000157020005000000000003298
00600001000000000000000185890000000000363640005000000000007636
00600001000000000000000185900000000000305790005000000000006421
00600001000000000000000185910000000000367770005000000000007723
00600001000000000000000185920000000000000830005000000000000017
00600001000000000000000185930000000000078510005000000000001649
00600001000000000000000185940000000000218180005000000000004582
00100001000000000000000009150000000000293390005000000000006161
00600001000000000000000185950000000000078510005000000000001649
00100001000000000000000009160000000000438020005000000000009198
00600001000000000000000185960000000000305790005000000000006421
00600001000000000000000185970000000000362810005000000000007619
00600001000000000000000185980000000001445450005000000000030355
00600001000000000000000185990000000000123970005000000000002603
00600001000000000000000186000000000000272730005000000000005727
00600001000000000000000186010000000000479340005000000000010066
00600001000000000000000186020000000000409090005000000000008591
00600001000000000000000186030000000000567770005000000000011923
00600001000000000000000186040000000000272730005000000000005727
00600001000000000000000186050000000000185950005000000000003905
00600001000000000000000186060000000000403310005000000000008469
00600001000000000000000186070000000000400830005000000000008417
00600001000000000000000186080000000000231400005000000000004860
00600001000000000000000186090000000001308260005000000000027474
00600001000000000000000186100000000000549590005000000000011541
00600001000000000000000186110000000000185950005000000000003905
00600001000000000000000186120000000000363640005000000000007636
00600001000000000000000186130000000000507440005000000000010656
00600001000000000000000186140000000000512400005000000000010760
00600001000000000000000186150000000001185950005000000000024905
00600001000000000000000186160000000000272730005000000000005727
00600001000000000000000186170000000000229750005000000000004825
00600001000000000000000186180000000000222310005000000000004669
00600001000000000000000186190000000000276860005000000000005814
00600001000000000000000186200000000000364460005000000000007654
00600001000000000000000186210000000000080990005000000000001701
00600001000000000000000186220000000000227270005000000000004773
00100001000000000000000009170000000000330580005000000000006942
00600001000000000000000186230000000001033060005000000000021694
00600001000000000000000186240000000000578510005000000000012149
00600001000000000000000186250000000000194210005000000000004079
00600001000000000000000186260000000000204130005000000000004287
00600001000000000000000186270000000000425620005000000000008938
00600001000000000000000186280000000000479340005000000000010066
00600001000000000000000186290000000000136360005000000000002864
00600001000000000000000186300000000000413220005000000000008678
00600001000000000000000186310000000000449590005000000000009441
00600001000000000000000186320000000000553720005000000000011628
00600001000000000000000186330000000000309920005000000000006508
00600001000000000000000186340000000000268600005000000000005640
00600001000000000000000186350000000001388430005000000000029157
00600001000000000000000186360000000000242150005000000000005085
00600001000000000000000186370000000000950410005000000000019959
00600001000000000000000186380000000000727270005000000000015273
00600001000000000000000186390000000000287600005000000000006040
00600001000000000000000186400000000000671900005000000000014110
00600001000000000000000186410000000000206610005000000000004339
00600001000000000000000186420000000000144630005000000000003037
00600001000000000000000186430000000000900830005000000000018917
00600001000000000000000186440000000000614050005000000000012895
00600001000000000000000186450000000000338840005000000000007116
00600001000000000000000186460000000000900830005000000000018917
00600001000000000000000186470000000000557850005000000000011715
00600001000000000000000186480000000000235540005000000000004946
00600001000000000000000186490000000000181820005000000000003818
00600001000000000000000186500000000000420660005000000000008834
00600001000000000000000186510000000000805790005000000000016921
00600001000000000000000186520000000000454550005000000000009545
00600001000000000000000186530000000000714050005000000000014995
00600001000000000000000186540000000000355370005000000000007463
00600001000000000000000186550000000003400830005000000000071417
00600001000000000000000186560000000000910740005000000000019126
00600001000000000000000186570000000000176030005000000000003697
00600001000000000000000186580000000000677690005000000000014231
00600001000000000000000186590000000000752890005000000000015811
00600001000000000000000186600000000000578510005000000000012149
00600001000000000000000186610000000000285120005000000000005988
00600001000000000000000186620000000000297520005000000000006248
00600001000000000000000186630000000000078510005000000000001649
00600001000000000000000186640000000000318180005000000000006682
00600001000000000000000186650000000002519830005000000000052917
00600001000000000000000186660000000000743800005000000000015620
00600001000000000000000186670000000000111570005000000000002343
00600001000000000000000186680000000000995870005000000000020913
00600001000000000000000186690000000000312400005000000000006560
00600001000000000000000186700000000000495870005000000000010413
00600001000000000000000186710000000000516530005000000000010847
00600001000000000000000186720000000000754550005000000000015845
00600001000000000000000186730000000000521490005000000000010951
00600001000000000000000186740000000000582640005000000000012236
00600001000000000000000186750000000000322310005000000000006769
00600001000000000000000186760000000000832230005000000000017477
00600001000000000000000186770000000000309920005000000000006508
00600001000000000000000186780000000001363640005000000000028636
00600001000000000000000186790000000000737190005000000000015481
00600001000000000000000186800000000000413220005000000000008678
00600001000000000000000186810000000000140500005000000000002950
00600001000000000000000186820000000000318180005000000000006682
00600001000000000000000186830000000000582640005000000000012236
00600001000000000000000186840000000000818180005000000000017182
00600001000000000000000186850000000000390910005000000000008209
00600001000000000000000186860000000000854550005000000000017945
00600001000000000000000186870000000000095040005000000000001996
00600001000000000000000186880000000000078510005000000000001649
00600001000000000000000186890000000000260330005000000000005467
00600001000000000000000186900000000000568600005000000000011940
00600001000000000000000186910000000000253720005000000000005328
00600001000000000000000186920000000000322310005000000000006769
00600001000000000000000186930000000000586780005000000000012322
00600001000000000000000186940000000000351240005000000000007376
00600001000000000000000186950000000000309920005000000000006508
00600001000000000000000186960000000003848760005000000000080824
00100001000000000000000009180000000003848760005000000000080824
00600001000000000000000000250000000003848760005000000000080824
00600001000000000000000186970000000000280990005000000000005901
00600001000000000000000186980000000000805790005000000000016921
00600001000000000000000186990000000000256200005000000000005380
00600001000000000000000187000000000000451240005000000000009476
00600001000000000000000187010000000000272730005000000000005727
00600001000000000000000187020000000000541320005000000000011368
00600001000000000000000187030000000000095040005000000000001996
00100001000000000000000009190000000000168600005000000000003540
00600001000000000000000187040000000000272730005000000000005727
00100001000000000000000009200000000000838840005000000000017616
00600001000000000000000187050000000000123970005000000000002603
00600001000000000000000187060000000000309920005000000000006508
00600001000000000000000187070000000000059500005000000000001250
00600001000000000000000187080000000000326450005000000000006855
00100001000000000000000009210000000000673550005000000000014145
00600001000000000000000187090000000000103310005000000000002169
00600001000000000000000187100000000000128100005000000000002690
00600001000000000000000187110000000000392560005000000000008244
00600001000000000000000187120000000000557850005000000000011715
00600001000000000000000187130000000000132230005000000000002777
00600001000000000000000187140000000000438020005000000000009198
00600001000000000000000187150000000000268600005000000000005640
00600001000000000000000187160000000000095040005000000000001996
00600001000000000000000187180000000000214880005000000000004512
00600001000000000000000187190000000000289260005000000000006074
00600001000000000000000187200000000000107440005000000000002256
00600001000000000000000187210000000000390080005000000000008192
00600001000000000000000187220000000000911570005000000000019143
00600001000000000000000187230000000000223140005000000000004686
00600001000000000000000187240000000000225620005000000000004738
00600001000000000000000187250000000000132230005000000000002777
00600001000000000000000187260000000000723140005000000000015186
00600001000000000000000187270000000000528930005000000000011107
00600001000000000000000187280000000000446280005000000000009372
00600001000000000000000187290000000001913220005000000000040178
00600001000000000000000187300000000000123970005000000000002603
00600001000000000000000187310000000000475210005000000000009979
00600001000000000000000187320000000000309920005000000000006508
00600001000000000000000187330000000000225620005000000000004738
00600001000000000000000187340000000000309920005000000000006508
00100001000000000000000009220000000001115700005000000000023430
00600001000000000000000187350000000000206610005000000000004339
00600001000000000000000187360000000000140500005000000000002950
00600001000000000000000187370000000001687600005000000000035440
00600001000000000000000187380000000000115700005000000000002430
00600001000000000000000187390000000000404960005000000000008504
00600001000000000000000187400000000000163640005000000000003436
00600001000000000000000187410000000000938020005000000000019698
00600001000000000000000187420000000000227270005000000000004773
00600001000000000000000187430000000002497520005000000000052448
00600001000000000000000187440000000000223140005000000000004686
00600001000000000000000187450000000000099170005000000000002083
00600001000000000000000187460000000000690080005000000000014492
00600001000000000000000187470000000000371900005000000000007810
00600001000000000000000187480000000000103310005000000000002169
00600001000000000000000187490000000000095040005000000000001996
00600001000000000000000187500000000000785120005000000000016488
00600001000000000000000187510000000000309920005000000000006508
00600001000000000000000187520000000000396690005000000000008331
00600001000000000000000187530000000000140500005000000000002950
00600001000000000000000187540000000002016530005000000000042347
00600001000000000000000187550000000000611570005000000000012843
00600001000000000000000187560000000000599170005000000000012583
00600001000000000000000187570000000000314050005000000000006595
00600001000000000000000187590000000000689260005000000000014474
00600001000000000000000187600000000000128100005000000000002690
00600001000000000000000187610000000000413220005000000000008678
00600001000000000000000187620000000000417360005000000000008764
00600001000000000000000187630000000001361160005000000000028584
00600001000000000000000187640000000000148760005000000000003124
00100001000000000000000009230000000000533060005000000000011194
00600001000000000000000187650000000000293390005000000000006161
00600001000000000000000187660000000000950410005000000000019959
00600001000000000000000187670000000000082640005000000000001736
00600001000000000000000187680000000000227270005000000000004773
00600001000000000000000187690000000000247930005000000000005207
00600001000000000000000187700000000000353720005000000000007428
00600001000000000000000187710000000000466940005000000000009806
00600001000000000000000187720000000000446280005000000000009372
00600001000000000000000187730000000000404960005000000000008504
00600001000000000000000187740000000000243800005000000000005120
00600001000000000000000187750000000000520660005000000000010934
00600001000000000000000187760000000000099170005000000000002083
00600001000000000000000187770000000000202480005000000000004252
00600001000000000000000187780000000000206610005000000000004339
00600001000000000000000187790000000000652890005000000000013711
00600001000000000000000187800000000000421490005000000000008851
00600001000000000000000187810000000001136360005000000000023864
00600001000000000000000187820000000000377690005000000000007931
00600001000000000000000187830000000000086780005000000000001822
00600001000000000000000187840000000000314050005000000000006595
00600001000000000000000187850000000000413220005000000000008678
00600001000000000000000187860000000000826450005000000000017355
00600001000000000000000187870000000000342980005000000000007202
00600001000000000000000187880000000000268600005000000000005640
00600001000000000000000187890000000003661160005000000000076884
00600001000000000000000187900000000000268600005000000000005640
00600001000000000000000187910000000000409090005000000000008591
00600001000000000000000187920000000000247930005000000000005207
00600001000000000000000187930000000000247930005000000000005207
00100001000000000000000009240000000000824790005000000000017321
00600001000000000000000187940000000000380170005000000000007983
00600001000000000000000187950000000000198350005000000000004165
00600001000000000000000187960000000000687600005000000000014440
00600001000000000000000187970000000000123970005000000000002603
00600001000000000000000187980000000000409090005000000000008591
00600001000000000000000187990000000002111570005000000000044343
00600001000000000000000188000000000000272730005000000000005727
00600001000000000000000188010000000000123970005000000000002603
00600001000000000000000188020000000000168600005000000000003540
00600001000000000000000188030000000001130580005000000000023742
00600001000000000000000188040000000000422310005000000000008869
00600001000000000000000188050000000000194210005000000000004079
00600001000000000000000188060000000000358680005000000000007532
00600001000000000000000188070000000000533060005000000000011194
00600001000000000000000188080000000001809920005000000000038008
00600001000000000000000188090000000000425620005000000000008938
00600001000000000000000188100000000001330580005000000000027942
00600001000000000000000188110000000000520660005000000000010934
00600001000000000000000188120000000001099170005000000000023083
00600001000000000000000188130000000000249590005000000000005241
00600001000000000000000188140000000000347110005000000000007289
00600001000000000000000188150000000000761980005000000000016002
00600001000000000000000188160000000001635540005000000000034346
00600001000000000000000188170000000001927270005000000000040473
00600001000000000000000188180000000002421490005000000000050851
00600001000000000000000188190000000000157020005000000000003298
00600001000000000000000188200000000000111570005000000000002343
00600001000000000000000188210000000000260330005000000000005467
00600001000000000000000188220000000000351240005000000000007376
00600001000000000000000188230000000000652890005000000000013711
00600001000000000000000188240000000000595040005000000000012496
00600001000000000000000188250000000000190080005000000000003992
00600001000000000000000188260000000004930580005000000000103542
00600001000000000000000188270000000000123970005000000000002603
00600001000000000000000188280000000000070250005000000000001475
00600001000000000000000188290000000000136360005000000000002864
00600001000000000000000188300000000000392560005000000000008244
00600001000000000000000188310000000000268600005000000000005640
00600001000000000000000188320000000000396690005000000000008331
00600001000000000000000188330000000000801650005000000000016835
00600001000000000000000188340000000000078510005000000000001649
00600001000000000000000188350000000000371900005000000000007810
00600001000000000000000188360000000000614050005000000000012895
00600001000000000000000188370000000000479340005000000000010066
00600001000000000000000188380000000001190080005000000000024992
00600001000000000000000188390000000000417360005000000000008764
00600001000000000000000188400000000000322310005000000000006769
00600001000000000000000188410000000000140500005000000000002950

