00100001000000000000000012290000000003231400005000000000067860
00100001000000000000000012320000000000545450005000000000011455
00100001000000000000000012350000000000545450005000000000011455
00100001000000000000000012370000000000702480005000000000014752
00100001000000000000000012380000000005433880005000000000114112
00100001000000000000000012390000000000495870005000000000010413
00100001000000000000000012400000000000702480005000000000014752
00100001000000000000000012420000000000701650005000000000014735
00100001000000000000000012430000000001606610005000000000033739
00100001000000000000000012440000000000607440005000000000012756
00100001000000000000000012450000000002341320005000000000049168
00100001000000000000000012500000000000533060005000000000011194
00100001000000000000000012510000000000280990005000000000005901
00100001000000000000000012520000000000404960005000000000008504
00600001000000000000000137070000000000411570005000000000008643
00600001000000000000000137080000000000483470005000000000010153
00600001000000000000000251190000000000123140005000000000002586
00600001000000000000000251200000000000280990005000000000005901
00600001000000000000000251210000000001636360005000000000034364
00600001000000000000000251220000000000214880005000000000004512
00600001000000000000000251230000000001012400005000000000021260
00600001000000000000000251240000000000495870005000000000010413
00600001000000000000000251250000000000648760005000000000013624
00600001000000000000000251260000000001374380005000000000028862
00600001000000000000000251270000000000500000005000000000010500
00600001000000000000000251280000000000814050005000000000017095
00600001000000000000000251290000000000409090005000000000008591
00600001000000000000000251300000000000413220005000000000008678
00600001000000000000000251310000000000789260005000000000016574
00600001000000000000000251320000000000862810005000000000018119
00600001000000000000000251330000000001136360005000000000023864
00600001000000000000000251340000000001991740005000000000041826
00600001000000000000000251350000000000144630005000000000003037
00600001000000000000000251360000000000239670005000000000005033
00600001000000000000000251370000000000483470005000000000010153
00600001000000000000000251380000000000190080005000000000003992
00600001000000000000000251390000000000421490005000000000008851
00600001000000000000000251400000000000214880005000000000004512
00600001000000000000000251410000000000471070005000000000009893
00600001000000000000000251420000000000322310005000000000006769
00600001000000000000000251430000000000760330005000000000015967
00600001000000000000000251440000000001793390005000000000037661
00600001000000000000000251450000000000442150005000000000009285
00600001000000000000000251460000000001925620005000000000040438
00600001000000000000000251470000000000487600005000000000010240
00600001000000000000000251480000000000260330005000000000005467
00600001000000000000000251490000000000454550005000000000009545
00600001000000000000000251500000000000954550005000000000020045
00600001000000000000000251510000000000805790005000000000016921
00600001000000000000000251520000000000537190005000000000011281
00600001000000000000000251530000000001671900005000000000035110
00600001000000000000000251540000000001227270005000000000025773
00600001000000000000000251550000000000512400005000000000010760
00600001000000000000000251560000000000566120005000000000011888
00600001000000000000000251570000000001016530005000000000021347
00600001000000000000000251580000000000206610005000000000004339
00600001000000000000000251590000000000328930005000000000006907
00600001000000000000000251600000000000442150005000000000009285
00600001000000000000000251610000000004938020005000000000103698
00600001000000000000000251620000000000231400005000000000004860
00600001000000000000000251630000000000545450005000000000011455
00600001000000000000000251660000000000450410005000000000009459
00600001000000000000000251670000000000319010005000000000006699
00600001000000000000000251680000000001301650005000000000027335
00600001000000000000000251690000000002144630005000000000045037
00600001000000000000000251700000000000857850005000000000018015
00600001000000000000000251710000000000971070005000000000020393
00600001000000000000000251720000000000322310005000000000006769
00600001000000000000000251730000000000107440005000000000002256
00600001000000000000000251740000000000452890005000000000009511
00600001000000000000000251750000000001855370005000000000038963
00600001000000000000000251760000000000132230005000000000002777
00600001000000000000000251770000000000268600005000000000005640
00600001000000000000000251780000000000210740005000000000004426
00600001000000000000000251790000000000268600005000000000005640
00600001000000000000000251800000000000392560005000000000008244
00600001000000000000000251810000000001543800005000000000032420
00600001000000000000000251820000000001198350005000000000025165
00600001000000000000000251830000000000780990005000000000016401
00600001000000000000000251840000000000390910005000000000008209
00600001000000000000000251850000000000123970005000000000002603
00600001000000000000000251860000000000454550005000000000009545
00600001000000000000000251870000000000152890005000000000003211
00600001000000000000000251880000000000227270005000000000004773
00600001000000000000000251890000000000289260005000000000006074
00600001000000000000000251900000000000227270005000000000004773
00600001000000000000000251910000000000206610005000000000004339
00600001000000000000000251920000000000574380005000000000012062
00600001000000000000000251930000000000491740005000000000010326
00600001000000000000000251940000000000049590005000000000001041
00600001000000000000000251950000000000413220005000000000008678
00600001000000000000000251960000000000396690005000000000008331
00600001000000000000000251970000000000123970005000000000002603
00600001000000000000000251980000000000452890005000000000009511
00600001000000000000000251990000000000950410005000000000019959
00600001000000000000000252000000000000144630005000000000003037
00600001000000000000000252010000000000867770005000000000018223
00600001000000000000000252020000000002421490005000000000050851
00600001000000000000000252030000000001520660005000000000031934
00600001000000000000000252040000000000665290005000000000013971
00600001000000000000000252050000000000623970005000000000013103
00600001000000000000000252060000000000607440005000000000012756
00600001000000000000000252070000000000165290005000000000003471
00600001000000000000000252080000000000417360005000000000008764
00600001000000000000000252090000000000078510005000000000001649
00600001000000000000000252100000000000206610005000000000004339
00600001000000000000000252110000000000380990005000000000008001
00600001000000000000000252120000000000351240005000000000007376
00600001000000000000000252130000000000306610005000000000006439
00600001000000000000000252140000000000144630005000000000003037
00600001000000000000000252150000000000327270005000000000006873
00600001000000000000000252160000000000520660005000000000010934
00600001000000000000000252170000000000086780005000000000001822
00600001000000000000000252180000000000884300005000000000018570
00600001000000000000000252190000000000210740005000000000004426
00600001000000000000000252200000000000070250005000000000001475
00600001000000000000000252210000000000128100005000000000002690
00600001000000000000000252220000000000206610005000000000004339
00600001000000000000000252230000000002301650005000000000048335
00600001000000000000000252240000000000384300005000000000008070
00600001000000000000000252250000000000929750005000000000019525
00600001000000000000000252260000000000125620005000000000002638
00600001000000000000000252270000000000380170005000000000007983
00600001000000000000000252280000000000628100005000000000013190
00600001000000000000000252290000000000144630005000000000003037
00600001000000000000000252300000000000492560005000000000010344
00600001000000000000000252310000000000194210005000000000004079
00600001000000000000000252320000000000628100005000000000013190
00600001000000000000000252330000000000181820005000000000003818
00600001000000000000000252340000000000099170005000000000002083
00600001000000000000000252350000000000791740005000000000016626
00600001000000000000000252360000000000297520005000000000006248
00600001000000000000000252370000000000243800005000000000005120
00600001000000000000000252380000000000351240005000000000007376
00600001000000000000000252390000000000367770005000000000007723
00600001000000000000000252400000000001371900005000000000028810
00600001000000000000000252410000000000570250005000000000011975
00600001000000000000000252420000000000574380005000000000012062
00600001000000000000000252430000000000516530005000000000010847
00600001000000000000000252440000000000268600005000000000005640
00600001000000000000000252450000000000104960005000000000002204
00600001000000000000000252460000000000262810005000000000005519
00600001000000000000000252470000000000747930005000000000015707
00600001000000000000000252490000000000272730005000000000005727
00600001000000000000000252500000000001338840005000000000028116
00600001000000000000000252510000000001314050005000000000027595
00600001000000000000000252520000000000283470005000000000005953
00600001000000000000000252530000000002925620005000000000061438
00600001000000000000000252540000000000169420005000000000003558
00600001000000000000000252550000000000214880005000000000004512
00600001000000000000000252560000000001219010005000000000025599
00600001000000000000000252570000000000285120005000000000005988
00600001000000000000000252580000000000557850005000000000011715
00600001000000000000000252590000000000177690005000000000003731
00600001000000000000000252600000000000413220005000000000008678
00600001000000000000000252610000000003062810005000000000064319
00600001000000000000000252620000000000194210005000000000004079
00600001000000000000000252630000000000824790005000000000017321
00600001000000000000000252640000000000318180005000000000006682
00600001000000000000000252650000000000454550005000000000009545
00600001000000000000000252660000000000561980005000000000011802
00600001000000000000000252670000000001226450005000000000025755
00600001000000000000000252680000000000314050005000000000006595
00600001000000000000000252690000000000867770005000000000018223
00600001000000000000000252700000000001698350005000000000035665
00600001000000000000000252710000000000219010005000000000004599
00600001000000000000000252720000000000423970005000000000008903
00600001000000000000000252730000000000640500005000000000013450
00600001000000000000000252740000000000318180005000000000006682
00600001000000000000000252750000000000659500005000000000013850
00600001000000000000000252760000000000185950005000000000003905
00600001000000000000000252770000000000280990005000000000005901
00600001000000000000000252780000000000512400005000000000010760
00600001000000000000000252790000000000462810005000000000009719
00600001000000000000000252800000000000995870005000000000020913
00600001000000000000000252810000000000128100005000000000002690
00600001000000000000000252820000000000152890005000000000003211
00600001000000000000000252830000000001090910005000000000022909
00600001000000000000000252840000000000185950005000000000003905
00600001000000000000000252850000000000380170005000000000007983
00600001000000000000000252860000000000795870005000000000016713
00600001000000000000000252870000000000227270005000000000004773
00600001000000000000000252880000000000464460005000000000009754
00600001000000000000000252890000000000842980005000000000017702
00600001000000000000000252900000000000520660005000000000010934
00600001000000000000000252910000000001611570005000000000033843
00600001000000000000000252920000000000161160005000000000003384
00600001000000000000000252930000000001370250005000000000028775
00600001000000000000000252940000000000202480005000000000004252
00600001000000000000000252950000000000320660005000000000006734
00600001000000000000000252960000000000400830005000000000008417
00600001000000000000000252970000000000909090005000000000019091
00600001000000000000000252980000000000491740005000000000010326
00600001000000000000000252990000000000194210005000000000004079
00600001000000000000000253000000000000262810005000000000005519
00600001000000000000000253010000000001561980005000000000032802
00600001000000000000000253020000000000289260005000000000006074
00600001000000000000000253030000000000378510005000000000007949
00600001000000000000000253040000000000194210005000000000004079
00600001000000000000000253050000000000111570005000000000002343
00600001000000000000000253060000000000764460005000000000016054
00600001000000000000000253070000000000355370005000000000007463
00600001000000000000000253080000000000450410005000000000009459
00600001000000000000000253090000000000409090005000000000008591
00600001000000000000000253100000000000857850005000000000018015
00600001000000000000000253110000000000400830005000000000008417
00600001000000000000000253120000000000231400005000000000004860
00600001000000000000000253130000000001037190005000000000021781
00600001000000000000000253140000000000404960005000000000008504
00600001000000000000000253150000000000638840005000000000013416
00600001000000000000000253160000000000099170005000000000002083
00600001000000000000000253170000000000553720005000000000011628
00600001000000000000000253180000000000429750005000000000009025
00600001000000000000000253190000000000533060005000000000011194
00600001000000000000000253200000000002395040005000000000050296
00600001000000000000000253210000000000326450005000000000006855
00600001000000000000000253220000000000324790005000000000006821
00600001000000000000000253230000000000272730005000000000005727
00600001000000000000000253240000000000834710005000000000017529
00600001000000000000000253250000000001219010005000000000025599
00600001000000000000000253260000000000628100005000000000013190
00600001000000000000000253270000000000566120005000000000011888
00600001000000000000000253280000000000640500005000000000013450
00600001000000000000000253290000000000309920005000000000006508
00600001000000000000000253300000000000123970005000000000002603
00600001000000000000000253310000000000080990005000000000001701
00600001000000000000000253320000000001349590005000000000028341
00600001000000000000000253330000000000280990005000000000005901
00600001000000000000000253340000000000264460005000000000005554
00600001000000000000000253350000000002070250005000000000043475
00600001000000000000000253360000000000278510005000000000005849
00600001000000000000000253370000000000192560005000000000004044
00600001000000000000000253380000000000078510005000000000001649
00600001000000000000000253390000000000743800005000000000015620
00600001000000000000000253400000000000351240005000000000007376
00600001000000000000000253410000000001113220005000000000023378
00600001000000000000000253420000000000569420005000000000011958
00600001000000000000000253430000000000287600005000000000006040
00600001000000000000000253440000000000611570005000000000012843
00600001000000000000000253450000000000731400005000000000015360
00600001000000000000000253460000000001786780005000000000037522
00600001000000000000000253470000000000474380005000000000009962
00600001000000000000000253480000000001005790005000000000021121
00600001000000000000000253490000000000371900005000000000007810
00600001000000000000000253500000000000045450005000000000000955
00600001000000000000000253510000000000305790005000000000006421
00600001000000000000000253520000000000409090005000000000008591
00600001000000000000000253530000000000367770005000000000007723
00600001000000000000000253540000000000826450005000000000017355
00600001000000000000000253550000000000742150005000000000015585
00600001000000000000000253560000000000487600005000000000010240
00600001000000000000000253570000000000123970005000000000002603
00600001000000000000000253580000000000326450005000000000006855
00600001000000000000000253590000000002565290005000000000053871
00600001000000000000000253600000000000855370005000000000017963
00600001000000000000000253610000000000247930005000000000005207
00600001000000000000000253620000000000347110005000000000007289
00600001000000000000000253630000000000371900005000000000007810
00600001000000000000000253640000000000995870005000000000020913
00600001000000000000000253650000000000314050005000000000006595
00600001000000000000000253660000000000322310005000000000006769
00600001000000000000000253670000000000731400005000000000015360
00600001000000000000000253680000000000842980005000000000017702
00600001000000000000000253690000000000099170005000000000002083
00600001000000000000000253700000000000103310005000000000002169
00600001000000000000000253710000000000289260005000000000006074
00600001000000000000000253720000000000297520005000000000006248
00600001000000000000000253730000000001882640005000000000039536
00600001000000000000000253740000000000371900005000000000007810
00600001000000000000000253750000000000685950005000000000014405
00600001000000000000000253760000000000578510005000000000012149
00600001000000000000000253770000000000322310005000000000006769
00600001000000000000000253780000000000239670005000000000005033
00600001000000000000000253790000000000330580005000000000006942
00600001000000000000000253800000000002384300005000000000050070
00600001000000000000000253810000000000979340005000000000020566
00600001000000000000000253820000000000202480005000000000004252
00600001000000000000000253830000000000371900005000000000007810
00600001000000000000000253840000000000211570005000000000004443
00600001000000000000000253850000000001372730005000000000028827
00600001000000000000000253860000000000227270005000000000004773
00600001000000000000000253870000000000351240005000000000007376
00600001000000000000000253880000000000882640005000000000018536
00600001000000000000000253890000000000289260005000000000006074
00600001000000000000000253900000000000272730005000000000005727
00600001000000000000000253910000000000681820005000000000014318
00600001000000000000000253920000000000975210005000000000020479
00600001000000000000000253930000000000537190005000000000011281
00600001000000000000000253940000000000210740005000000000004426
00600001000000000000000253950000000000940500005000000000019750
00600001000000000000000253960000000000514880005000000000010812
00600001000000000000000253970000000000243800005000000000005120
00600001000000000000000253980000000000537190005000000000011281
00600001000000000000000253990000000002012400005000000000042260
00600001000000000000000254000000000000064460005000000000001354
00600001000000000000000254010000000001466940005000000000030806
00600001000000000000000254020000000000884300005000000000018570
00600001000000000000000254030000000001053720005000000000022128
00600001000000000000000254040000000001132230005000000000023777
00600001000000000000000254050000000000297520005000000000006248
00600001000000000000000254060000000001789260005000000000037574
00600001000000000000000254070000000000246280005000000000005172
00600001000000000000000254080000000000214880005000000000004512
00600001000000000000000254090000000000557850005000000000011715
00600001000000000000000254100000000001636360005000000000034364
00600001000000000000000254110000000000971070005000000000020393
00600001000000000000000254120000000000157020005000000000003298
00600001000000000000000254130000000000622310005000000000013069
00600001000000000000000254140000000001092560005000000000022944
00600001000000000000000254150000000000756200005000000000015880
00600001000000000000000254160000000000785120005000000000016488
00600001000000000000000254170000000000214880005000000000004512
00600001000000000000000254180000000000834710005000000000017529
00600001000000000000000254190000000000696690005000000000014631
00600001000000000000000254200000000000280990005000000000005901
00600001000000000000000254210000000000471070005000000000009893
00600001000000000000000254220000000000289260005000000000006074
00600001000000000000000254230000000000064460005000000000001354
00600001000000000000000254240000000000334710005000000000007029
00600001000000000000000254250000000000644630005000000000013537
00600001000000000000000254260000000000280990005000000000005901
00600001000000000000000254270000000001115700005000000000023430
00600001000000000000000254280000000000305790005000000000006421
00600001000000000000000254290000000001404960005000000000029504
00600001000000000000000254310000000000371900005000000000007810
00600001000000000000000254320000000001495870005000000000031413
00600001000000000000000254330000000000665290005000000000013971
00600001000000000000000254340000000000185950005000000000003905
00600001000000000000000254350000000003549590005000000000074541
00600001000000000000000254360000000000314050005000000000006595
00600001000000000000000254370000000000742150005000000000015585
00600001000000000000000254380000000000314050005000000000006595
00600001000000000000000254390000000000169420005000000000003558
00600001000000000000000254400000000000123970005000000000002603
00600001000000000000000254410000000001404960005000000000029504
00600001000000000000000254420000000000152890005000000000003211
00600001000000000000000254430000000000078510005000000000001649
00600001000000000000000254440000000000210740005000000000004426
00600001000000000000000254450000000000756200005000000000015880
00600001000000000000000254460000000001325620005000000000027838
00600001000000000000000254470000000000309920005000000000006508
00600001000000000000000254480000000000214880005000000000004512
00600001000000000000000254490000000000446280005000000000009372
00600001000000000000000254500000000000250410005000000000005259
00600001000000000000000254510000000000578510005000000000012149
00600001000000000000000254520000000000301650005000000000006335
00600001000000000000000254530000000000140500005000000000002950
00600001000000000000000254540000000000822310005000000000017269
00600001000000000000000254550000000000537190005000000000011281
00600001000000000000000254560000000002019830005000000000042417
00600001000000000000000254570000000000136360005000000000002864
00600001000000000000000254580000000000679340005000000000014266
00600001000000000000000254590000000000376030005000000000007897
00600001000000000000000254600000000000384300005000000000008070
00600001000000000000000254610000000000276860005000000000005814
00600001000000000000000254620000000000409090005000000000008591
00600001000000000000000254630000000000322310005000000000006769
00600001000000000000000254640000000000619830005000000000013017
00600001000000000000000254650000000001009090005000000000021191
00600001000000000000000254660000000001181820005000000000024818
00600001000000000000000254670000000000082640005000000000001736
00600001000000000000000254680000000000392560005000000000008244
00600001000000000000000254690000000000533060005000000000011194
00600001000000000000000254700000000000475210005000000000009979
00600001000000000000000254710000000000400830005000000000008417
00600001000000000000000254720000000001045450005000000000021955
00600001000000000000000254730000000000326450005000000000006855
00600001000000000000000254740000000000289260005000000000006074
00600001000000000000000254750000000000371900005000000000007810
00600001000000000000000254760000000000780170005000000000016383
00600001000000000000000254770000000000198350005000000000004165
00600001000000000000000254780000000000285120005000000000005988
00600001000000000000000254790000000000537190005000000000011281
00600001000000000000000254800000000000681820005000000000014318
00600001000000000000000254810000000000376030005000000000007897
00600001000000000000000254820000000000194210005000000000004079
00600001000000000000000254830000000000723140005000000000015186
00600001000000000000000254840000000000227270005000000000004773
00600001000000000000000254850000000000198350005000000000004165
00600001000000000000000254860000000000516530005000000000010847
00600001000000000000000254870000000000380170005000000000007983
00600001000000000000000254880000000001037190005000000000021781
00600001000000000000000254890000000000111570005000000000002343
00600001000000000000000254900000000000264460005000000000005554
00600001000000000000000254910000000000292560005000000000006144
00600001000000000000000254920000000000300830005000000000006317
00600001000000000000000254930000000000576860005000000000012114
00600001000000000000000254940000000000793390005000000000016661
00600001000000000000000254950000000000828930005000000000017407
00600001000000000000000254960000000000152890005000000000003211
00600001000000000000000254970000000000466940005000000000009806
00600001000000000000000254980000000000136360005000000000002864
00600001000000000000000254990000000000454550005000000000009545
00600001000000000000000255000000000000607440005000000000012756
00600001000000000000000255010000000000462810005000000000009719
00600001000000000000000255020000000000355370005000000000007463
00600001000000000000000255030000000003450410005000000000072459
00600001000000000000000255040000000000392560005000000000008244
00600001000000000000000255050000000000119830005000000000002517
00600001000000000000000255060000000000239670005000000000005033
00600001000000000000000255070000000000152890005000000000003211
00600001000000000000000255080000000001603310005000000000033669
00600001000000000000000255090000000000309920005000000000006508
00600001000000000000000255100000000001899170005000000000039883
00600001000000000000000255110000000000561980005000000000011802
00600001000000000000000255120000000000285120005000000000005988
00600001000000000000000255130000000000243800005000000000005120
00600001000000000000000255140000000000643800005000000000013520
00600001000000000000000255150000000000421490005000000000008851
00600001000000000000000255160000000000700830005000000000014717
00600001000000000000000255170000000000757850005000000000015915
00600001000000000000000255180000000001524790005000000000032021
00600001000000000000000255190000000001204960005000000000025304
00600001000000000000000255200000000000353720005000000000007428
00600001000000000000000255210000000000289260005000000000006074
00600001000000000000000255220000000000252070005000000000005293
00600001000000000000000255230000000000376030005000000000007897
00600001000000000000000255240000000000595870005000000000012513
00600001000000000000000255250000000000328930005000000000006907
00600001000000000000000255260000000000481820005000000000010118
00600001000000000000000255270000000002024790005000000000042521
00600001000000000000000255280000000000630580005000000000013242
00600001000000000000000255290000000000272730005000000000005727
00600001000000000000000255300000000001686780005000000000035422
00600001000000000000000255310000000000338840005000000000007116
00600001000000000000000255320000000000256200005000000000005380
00600001000000000000000255330000000000429750005000000000009025
00600001000000000000000255340000000000289260005000000000006074
00600001000000000000000255350000000000163640005000000000003436
00600001000000000000000255360000000000694210005000000000014579
00600001000000000000000255370000000000254550005000000000005345
00600001000000000000000255390000000000107440005000000000002256
00600001000000000000000255400000000000699170005000000000014683
00600001000000000000000255420000000000239670005000000000005033
00600001000000000000000255430000000000537190005000000000011281
00600001000000000000000255440000000000969420005000000000020358
00600001000000000000000255450000000000533060005000000000011194
00600001000000000000000255460000000001359500005000000000028550
00600001000000000000000255470000000000742150005000000000015585
00600001000000000000000255480000000001619830005000000000034017
00600001000000000000000255490000000000504130005000000000010587
00600001000000000000000255500000000000756200005000000000015880
00600001000000000000000255510000000000070250005000000000001475
00600001000000000000000255520000000000611570005000000000012843
00600001000000000000000255530000000001142980005000000000024002
00600001000000000000000255540000000000473550005000000000009945
00600001000000000000000255550000000000785120005000000000016488
00600001000000000000000255560000000001388430005000000000029157
00600001000000000000000255570000000000411570005000000000008643
00600001000000000000000255580000000000388430005000000000008157
00600001000000000000000255590000000000469420005000000000009858
00600001000000000000000255600000000001016530005000000000021347
00600001000000000000000255610000000001031400005000000000021660
00600001000000000000000255620000000001413220005000000000029678
00600001000000000000000255630000000000646280005000000000013572
00600001000000000000000255640000000000723140005000000000015186
00600001000000000000000255650000000001194210005000000000025079
00600001000000000000000255660000000000669420005000000000014058
00600001000000000000000255670000000000188430005000000000003957
00600001000000000000000000380000000000545450005000000000011455

