001000030000000000000000074580000000000201100646680000000000556000005000000000000000
001000040000000000000000127180000000000307011545560000000018786580005000000000000000
001000030000000000000000226080000000000306977746410000000008574060005000000000000000
001000010000000000000001684780000000000306622179790000000005920290005000000000000000
001000040000000000000000020680000000000307082684680000000015986770005000000000000000
001000030000000000000000275980000000000307111908950000000000302500005000000000000000
001000020000000000000006349080000000000307079863240000000004144590005000000000000000
001000030000000000000000644280000000000307109418540000000006122600005000000000000000
001000010000000000000000001380000000000307146706180000000026620000005000000000000000
001000010000000000002015101380000000000306394539750000000000748700006000000000000000
001000030000000000000000025680000000000202225521340000000004500000005000000000000000
001000080000000000000007594880000000000305457267220000000002446680006000000000000000
001000170000000000000001980680000000000306702886130000000000978320005000000000000000
001000010000000000000000221080000000000232477726690000000000569980005000000000000000
001000040000000000000012530080000000000307089261550000000009245680005000000000000000
001000050000000000000000219480000000000307117209750000000002960870005000000000000000
001000010000000000000000221780000000000232477726690000000001080010005000000000000000
001000110000000000000000188980000000000306702886130000000000367310005000000000000000
001000030000000000000003519580000000000307082734530000000010047360005000000000000000

