001000020000000000000000258680000000000307085254360000000014756480005000000000000000
001000080000000000000003416480000000000305457267220000000002024460006000000000000000
001000010000000000002014121380000000000306394539750000000000765600006000000000000000
001000060000000000000000380880000000000305001642430000000003612030004000000000000000
001000210000000000000000342480000000000307074546400000000000124800005000000000000000
001000060000000000000003230680000000000200550053390000000000140000005000000000000000
001000020000000000000000562180000000000201267151110000000000366710005000000000000000
001000020000000000000000747980000000000271600145930000000000507980005000000000000000
001000010000000000000000000380000000000307146706180000000026620000005000000000000000
001000040000000000000011167480000000000307088847700000000000260000005000000000000000
001000210000000000000000348680000000000307074546400000000000072000005000000000000000
001000010000000000000000464580000000000271375397000000000033680350005000000000000000
001000120000000000000002206680000000000306159020940000000003796820005000000000000000
001000030000000000000000067680000000000307113079110000000007789750005000000000000000
001000030000000000000000010880000000000202225521340000000003600000005000000000000000
001000010000000000000000175980000000000307111908950000000000285560005000000000000000
001000030000000000000000523780000000000307109418540000000004259200005000000000000000
001000020000000000000000568280000000000201267151110000000000068000005000000000000000
001000020000000000000000568180000000000201267151110000000000159440005000000000000000
001000010000000000000000002780000000000307146433190000000000874960005000000000000000
001000040000000000000011716680000000000307089261550000000002713930005000000000000000
001000120000000000000000666580000000000306702886130000000000312340005000000000000000
001000010000000000000000018580000000000201080414800000000003274260005000000000000000
001000030000000000000002740980000000000307082734530000000006304950005000000000000000
001000070000000000000001069380000000000307109200670000000010281490005000000000000000
001000010000000000000000923880000000000307083283040000000005883020005000000000000000
001000010000000000000000923980000000000307083283040000000011485930005000000000000000

