001000040000000000000012702080000000000307089261550000000006615470005000000000138925
001000030000000000000000029480000000000202225521340000000003719010005000000000078099
001025060000000000000000403780000000000305067300380000000000125530005000000000002636
001000010000000000002016011380000000000306394539750000000000756270006000000000020419
001000210000000000000000928680000000000307074546400000000000132230005000000000002777
001000030000000000000000037980000000000337105891490000000006084000005000000000127764
001000120000000000000000393780000000000307080949310000000001986450005000000000041715
001000120000000000000000393780000000000307080949310000000017783470005000000000373453
001000040000000000000000002880000000000307082684680000000011754680005000000000246848
001000040000000000000000028780000000000307082684680000000000966900005000000000020305
001000010000000000000000951880000000000307095453250000000004764400005000000000100052
001000010000000000000000476880000000000307093875840000000008316000005000000000174636
001000030000000000000000300080000000000307111908950000000000300000005000000000006300
001000030000000000000000666780000000000307109418540000000010300000005000000000216300
001000040000000000000012754380000000000307089261550000000001502020005000000000031542
001000010000000000000000001680000000000307146706180000000022000000005000000000462000
001000240000000000000000197980000000000306702886130000000000762100005000000000016004
001000210000000000000000945180000000000307074546400000000000197520005000000000004148
001000030000000000000000119180000000000201100646680000000001037180005000000000021781
001000160000000000000010188580000000000305998691380000000014603480005000000000306673
001000040000000000000012771580000000000307089261550000000002011630005000000000042244
001000020000000000000000000180000000000273003614690000000011636790005000000000244373

