001000080000000000000005870080000000000305457267220000000001585900005000000000033304
001000010000000000002015071380000000000306394539750000000000782170005000000000016426
001000040000000000000797553280000000000306578644270000000000177780005000000000003733
001000010000000000000000484080000000000337105891490000000001334000005000000000028014
001000040000000000000012230080000000000307089261550000000003686310005000000000077413
001010010000000000000000001580000000000271375397000000000013260000005000000000278460
001000210000000000000000652980000000000307074546400000000000171070005000000000003592
001000070000000000000000008480000000000307143702230000000001917600005000000000040270
001000030000000000000000587580000000000307109418540000000007305000005000000000153405
001000150000000000000000035280000000000337083566090000000006250000005000000000131250
001000150000000000000000035380000000000337083566090000000011452000005000000000240492
001000150000000000000000035480000000000337083566090000000015171600005000000000318604
001025860000000000000000323280000000000305067300380000000000181980005000000000003822
001000010000000000000000001080000000000307146706180000000000220000005000000000004620
001000110000000000000000099380000000000306702886130000000000661340005000000000013888
001000030000000000000000250280000000000307111908950000000000250000005000000000005250
001000030000000000000000004080000000000307085254360000000010111640005000000000212344
001000010000000000000000461180000000000307093875840000000003340000005000000000070140
001000120000000000000000328680000000000307080949310000000019494370005000000000409382
001000010000000000000000209280000000000232477726690000000001785120005000000000037488
001000040000000000000012288480000000000307089261550000000004734020005000000000099414
001000050000000000000000821880000000000307117783020000000003384000005000000000071064
001000030000000000000000021580000000000202225521340000000002975210005000000000062479
001000020000000000000002860680000000000307102893750000000012495500005000000000262406
001000010000000000000000927280000000000307095453250000000001104000005000000000023184
001000010000000000000000926780000000000307095453250000000005993000005000000000125853
001000010000000000000000210880000000000232477726690000000000727280005000000000015273
001000110000000000000000107480000000000306702886130000000000373190005000000000007837
001000040000000000000012307080000000000307089261550000000004128780005000000000086704
001000030000000000000001199280000000000305874794070000000008100000005000000000170100
001000040000000000000000006180000000000307082684680000000007840720005000000000164655
