001000020000000000000000606080000000000201267151110000000000244590005000000000005136
001000030000000000000000015680000000000202225521340000000002975210005000000000062479
001000010000000000000000922180000000000201619748470000000000180200005000000000003784
001000030000000000000000562780000000000307109418540000000008305000005000000000174405
001000080000000000000005059380000000000305457267220000000001615890005000000000033934
001000030000000000000000225380000000000307111908950000000000250000005000000000005250
001000020000000000000000027780000000000307104529930000000012384960005000000000260084
001000100000000000000000185780000000000306702886130000000000316490005000000000006646
001000040000000000000000226280000000000202047019980000000012765000005000000000268065
001000020000000000000000611780000000000201267151110000000000318340005000000000006685
001000010000000000000000000780000000000307146706180000000022000000005000000000462000
001000030000000000000003032880000000000307082734530000000006065030005000000000127366
001000030000000000000003032980000000000307082734530000000000356250005000000000007481
001000030000000000000003033080000000000307082734530000000002111760005000000000044347
001000040000000000000012049380000000000307089261550000000003801510005000000000079832
001000010000000000000000195180000000000232477726690000000003768480005000000000079138
001000030000000000000000567480000000000307109418540000000005420000005000000000113820
001000010000000000002015041380000000000306394539750000000000607100005000000000012749
001000010000000000000001558380000000000201100646680000000000122320005000000000002569
001000020000000000000000614180000000000201267151110000000000031710005000000000000666
001000010000000000000000273180000000000231618121290000000002778700005000000000058353
001000040000000000000012067780000000000307089261550000000005406800005000000000113543
001000010000000000000001668280000000000307088730430000000002901740005000000000060937
