001000010000000000002015081380000000000306394539750000000000764160005000000000016047
001000020000000000000000604280000000000307102530520000000000632220005000000000013277
001000010000000000000000931280000000000307095453250000000004542000005000000000095382
001000030000000000000000002680000000000337093002590000000012657000005000000000265797
001000020000000000000000241180000000000307083247160000000016965200005000000000356269
001000020000000000000006002780000000000307079863240000000001102850005000000000023160
001000020000000000000006002680000000000307079863240000000000663600005000000000013936
001000060000000000000000007580000000000307091701270000000004755100005000000000099857
001000080000000000000006693180000000000305457267220000000002051420005000000000043080
001000030000000000000000006580000000000307085254360000000003818900005000000000080197
001000010000000000000000001180000000000307146706180000000022000000005000000000462000
001000100000000000000000335980000000000306702886130000000001055670005000000000022169
001002510000000000000000088280000000000336383988990000000000873430005000000000018342
001000030000000000000000258180000000000307111908950000000000250000005000000000005250
001000030000000000000000706680000000000307106015730000000005084000005000000000106764
001000020000000000000000285680000000000306624441500000000021134400005000000000443822
001000050000000000000000839180000000000307117783020000000006073200005000000000127537
001000020000000000000001749480000000000335156418290000000012053760005000000000253129
001000020000000000000001749880000000000335156418290000000004030080005000000000084632
001000010000000000000000115380000000000307113593690000000007300000005000000000153300
001000040000000000000000001280000000000271080082590000000001629020005000000000034209
001000020000000000000000009280000000000307143654670000000002115000005000000000044415
001000040000000000000000044180000000000201267151110000000000193460005000000000004063
001000030000000000000000606080000000000307109418540000000007770000005000000000163170
001000040000000000000012367980000000000307089261550000000013757280005000000000288903
001000040000000000000000029080000000000307080759290000000006124800005000000000128621
001000040000000000000000029180000000000307080759290000000009220000005000000000193620
001000020000000000000000045580000000000201619748470000000005463010005000000000114723
001000020000000000000000045180000000000201619748470000000003388050005000000000071149
001000020000000000000000044480000000000201619748470000000009487730005000000000199242
001000100000000000000000577880000000000306858885440000000034845000005000000000731745
001000020000000000000001762780000000000335156418290000000003629160005000000000076212
001000070000000000000001338980000000000307109200670000000002190000005000000000045990
001000070000000000000001339080000000000307109200670000000000746700005000000000015681
001000070000000000000001339180000000000307109200670000000003096160005000000000065019
001000030000000000000000022980000000000202225521340000000002975210005000000000062479
001000020000000000000000030780000000000307076549840000000012446810005000000000261383
001000020000000000000000053880000000000201619748470000000004189580005000000000087981
001000030000000000000000009180000000000337105891490000000004040400005000000000084848
