00600001000000000000000200150000000000308260005000000000006474
00600001000000000000000200160000000000657020005000000000013798
00600001000000000000000200170000000000123970005000000000002603
00600001000000000000000200180000000001852070005000000000038893
00600001000000000000000200190000000000590080005000000000012392
00100001000000000000000009760000000003938020005000000000082698
00600001000000000000000200200000000000260330005000000000005467
00600001000000000000000200210000000000537190005000000000011281
00600001000000000000000200220000000000103310005000000000002169
00600001000000000000000200230000000000272730005000000000005727
00600001000000000000000200240000000000330580005000000000006942
00600001000000000000000200250000000000735540005000000000015446
00600001000000000000000200260000000001071070005000000000022493
00600001000000000000000200270000000001694210005000000000035579
00600001000000000000000200280000000000351240005000000000007376
00600001000000000000000200290000000000268600005000000000005640
00600001000000000000000200300000000000047930005000000000001007
00600001000000000000000200310000000000396690005000000000008331
00600001000000000000000200320000000000330580005000000000006942
00600001000000000000000200330000000000451240005000000000009476
00600001000000000000000200340000000000185950005000000000003905
00600001000000000000000200350000000000223140005000000000004686
00600001000000000000000200360000000000157020005000000000003298
00100001000000000000000009770000000000805790005000000000016921
00600001000000000000000200370000000000743800005000000000015620
00600001000000000000000200380000000000468600005000000000009840
00600001000000000000000200390000000000876030005000000000018397
00600001000000000000000200400000000000123970005000000000002603
00600001000000000000000200410000000000495870005000000000010413
00600001000000000000000200420000000000433880005000000000009112
00600001000000000000000200430000000000351240005000000000007376
00600001000000000000000200440000000000363640005000000000007636
00600001000000000000000200450000000000157020005000000000003298
00600001000000000000000200460000000000161160005000000000003384
00600001000000000000000200470000000000351240005000000000007376
00600001000000000000000200480000000000319830005000000000006717
00600001000000000000000200490000000000384300005000000000008070
00600001000000000000000200500000000000409090005000000000008591
00600001000000000000000200510000000000181820005000000000003818
00100001000000000000000009780000000000512400005000000000010760
00600001000000000000000200520000000000553720005000000000011628
00600001000000000000000200530000000000690080005000000000014492
00600001000000000000000200540000000000857850005000000000018015
00600001000000000000000200550000000000652890005000000000013711
00600001000000000000000200560000000000128100005000000000002690
00600001000000000000000200570000000000545450005000000000011455
00600001000000000000000200580000000002512400005000000000052760
00600001000000000000000200590000000000702480005000000000014752
00600001000000000000000200600000000000396690005000000000008331
00600001000000000000000200610000000000983470005000000000020653
00600001000000000000000200620000000000064460005000000000001354
00600001000000000000000200630000000000123970005000000000002603
00600001000000000000000200640000000000276860005000000000005814
00600001000000000000000200650000000000392560005000000000008244
00600001000000000000000200660000000000123970005000000000002603
00600001000000000000000200670000000001425620005000000000029938
00600001000000000000000200680000000000188430005000000000003957
00600001000000000000000200690000000000209920005000000000004408
00600001000000000000000200700000000000590910005000000000012409
00600001000000000000000200710000000000214880005000000000004512
00600001000000000000000200720000000000429750005000000000009025
00600001000000000000000200730000000000066120005000000000001388
00600001000000000000000200740000000000487600005000000000010240
00600001000000000000000200750000000000103310005000000000002169
00600001000000000000000200760000000000223140005000000000004686
00600001000000000000000200770000000000969420005000000000020358
00600001000000000000000200780000000001371900005000000000028810
00600001000000000000000200790000000000611570005000000000012843
00600001000000000000000200800000000000392560005000000000008244
00600001000000000000000200810000000000785120005000000000016488
00600001000000000000000200820000000000809920005000000000017008
00600001000000000000000200830000000000074380005000000000001562
00600001000000000000000200840000000000785120005000000000016488
00600001000000000000000200850000000000181820005000000000003818
00600001000000000000000200860000000002272730005000000000047727
00600001000000000000000200870000000000634710005000000000013329
00600001000000000000000200880000000000272730005000000000005727
00600001000000000000000200890000000000695870005000000000014613
00600001000000000000000200900000000000702480005000000000014752
00600001000000000000000200910000000000516530005000000000010847
00600001000000000000000200920000000000355370005000000000007463
00600001000000000000000200930000000000289260005000000000006074
00600001000000000000000200940000000000239670005000000000005033
00600001000000000000000200950000000002542980005000000000053402
00600001000000000000000200960000000000099170005000000000002083
00600001000000000000000200970000000001512400005000000000031760
00600001000000000000000200980000000000095040005000000000001996
00600001000000000000000200990000000001787600005000000000037540
00600001000000000000000201000000000001239670005000000000026033
00600001000000000000000201010000000000103310005000000000002169
00600001000000000000000201020000000000590910005000000000012409
00600001000000000000000201030000000000198350005000000000004165
00600001000000000000000201040000000000386780005000000000008122
00600001000000000000000201050000000000458680005000000000009632
00600001000000000000000201060000000000557850005000000000011715
00600001000000000000000201070000000001127270005000000000023673
00600001000000000000000201080000000000380170005000000000007983
00600001000000000000000201090000000000144630005000000000003037
00600001000000000000000201100000000000644630005000000000013537
00600001000000000000000201110000000000177690005000000000003731
00600001000000000000000201120000000001121490005000000000023551
00600001000000000000000201130000000000746280005000000000015672
00600001000000000000000201140000000000491740005000000000010326
00600001000000000000000201150000000000566120005000000000011888
00600001000000000000000201160000000000409090005000000000008591
00600001000000000000000201170000000000414880005000000000008712
00600001000000000000000201180000000000177690005000000000003731
00600001000000000000000201190000000000268600005000000000005640
00600001000000000000000201210000000000347110005000000000007289
00600001000000000000000201220000000000409090005000000000008591
00600001000000000000000201230000000000917360005000000000019264
00600001000000000000000201240000000000673550005000000000014145
00600001000000000000000201250000000000520660005000000000010934
00600001000000000000000201260000000000157020005000000000003298
00600001000000000000000201270000000000074380005000000000001562
00100001000000000000000009790000000001227270005000000000025773
00600001000000000000000201280000000001326450005000000000027855
00600001000000000000000201290000000000163640005000000000003436
00600001000000000000000201300000000003688430005000000000077457
00600001000000000000000201310000000000219010005000000000004599
00600001000000000000000201320000000000433880005000000000009112
00600001000000000000000201330000000000293390005000000000006161
00600001000000000000000201340000000000483470005000000000010153
00600001000000000000000201350000000001755370005000000000036863
00600001000000000000000201360000000003809090005000000000079991
00600001000000000000000201370000000000564460005000000000011854
00600001000000000000000201380000000001211570005000000000025443
00600001000000000000000201390000000001611570005000000000033843
00600001000000000000000201400000000000111570005000000000002343
00600001000000000000000201410000000000483470005000000000010153
00600001000000000000000201420000000000552070005000000000011593
00600001000000000000000201430000000000750410005000000000015759
00600001000000000000000201440000000000276860005000000000005814
00600001000000000000000201450000000002473550005000000000051945
00600001000000000000000201460000000000356200005000000000007480
00600001000000000000000201470000000000243800005000000000005120
00600001000000000000000201480000000000429750005000000000009025
00100001000000000000000009800000000000657020005000000000013798
00600001000000000000000201490000000007010740005000000000147226
00600001000000000000000201500000000000644630005000000000013537
00600001000000000000000201510000000000429750005000000000009025
00600001000000000000000201520000000000308260005000000000006474
00600001000000000000000201530000000001380170005000000000028983
00600001000000000000000201540000000000681820005000000000014318
00600001000000000000000201550000000001193390005000000000025061
00600001000000000000000201570000000000276860005000000000005814
00600001000000000000000201580000000000161160005000000000003384
00600001000000000000000201590000000000392560005000000000008244
00600001000000000000000201600000000000756200005000000000015880
00600001000000000000000201610000000000752070005000000000015793
00600001000000000000000201620000000000884300005000000000018570
00600001000000000000000201630000000000148760005000000000003124
00600001000000000000000201640000000000764460005000000000016054
00600001000000000000000201650000000000322310005000000000006769
00600001000000000000000201660000000001367770005000000000028723
00600001000000000000000201670000000001028930005000000000021607
00600001000000000000000201680000000000479340005000000000010066
00600001000000000000000201690000000001028930005000000000021607
00600001000000000000000201700000000000633060005000000000013294
00600001000000000000000201710000000000337190005000000000007081
00600001000000000000000201720000000000483470005000000000010153
00600001000000000000000201730000000000685950005000000000014405
00600001000000000000000201740000000000849590005000000000017841
00600001000000000000000201750000000000425620005000000000008938
00600001000000000000000201760000000000280990005000000000005901
00600001000000000000000201770000000000115700005000000000002430
00600001000000000000000201780000000000373550005000000000007845
00600001000000000000000201790000000001297520005000000000027248
00600001000000000000000201800000000001036360005000000000021764
00600001000000000000000201810000000000309920005000000000006508
00600001000000000000000201820000000001483470005000000000031153
00600001000000000000000201840000000000774380005000000000016262
00600001000000000000000201850000000001681820005000000000035318
00600001000000000000000201860000000000632230005000000000013277
00600001000000000000000201870000000000651240005000000000013676
00600001000000000000000201880000000000214880005000000000004512
00600001000000000000000201890000000000458680005000000000009632
00600001000000000000000201900000000000809920005000000000017008
00600001000000000000000201910000000000506610005000000000010639
00600001000000000000000201920000000000123970005000000000002603
00600001000000000000000201930000000001950410005000000000040959
00600001000000000000000201940000000000466940005000000000009806
00600001000000000000000201950000000000152890005000000000003211
00600001000000000000000201960000000000450410005000000000009459
00600001000000000000000201970000000002541320005000000000053368
00600001000000000000000201980000000001053720005000000000022128
00600001000000000000000201990000000000318180005000000000006682
00600001000000000000000202000000000000489260005000000000010274
00600001000000000000000202010000000000570250005000000000011975
00600001000000000000000202020000000000338840005000000000007116
00600001000000000000000202030000000000198350005000000000004165
00600001000000000000000202040000000000390910005000000000008209
00600001000000000000000202050000000000627270005000000000013173
00600001000000000000000202070000000000268600005000000000005640
00600001000000000000000202080000000000623970005000000000013103
00600001000000000000000202090000000000049590005000000000001041
00600001000000000000000202100000000000177690005000000000003731
00600001000000000000000202110000000000772730005000000000016227
00600001000000000000000202120000000001034710005000000000021729
00600001000000000000000202130000000000468600005000000000009840
00600001000000000000000202140000000000479340005000000000010066
00100001000000000000000009810000000001301650005000000000027335
00600001000000000000000202150000000000256200005000000000005380
00600001000000000000000202160000000000123970005000000000002603
00600001000000000000000202170000000000322310005000000000006769
00600001000000000000000202180000000000195040005000000000004096
00600001000000000000000202190000000000863640005000000000018136
00100001000000000000000009820000000000607440005000000000012756
00600001000000000000000202200000000000475210005000000000009979
00600001000000000000000202210000000000388430005000000000008157
00600001000000000000000202220000000000243800005000000000005120
00600001000000000000000202230000000000473550005000000000009945
00600001000000000000000202240000000000111570005000000000002343
00600001000000000000000202250000000000115700005000000000002430
00600001000000000000000202260000000000309920005000000000006508
00600001000000000000000202270000000000370250005000000000007775
00600001000000000000000202280000000000219010005000000000004599
00100001000000000000000009830000000000351240005000000000007376
00600001000000000000000202290000000000223140005000000000004686
00600001000000000000000202300000000000095040005000000000001996
00600001000000000000000202310000000000347110005000000000007289
00600001000000000000000202320000000000363640005000000000007636
00600001000000000000000202330000000000177690005000000000003731
00600001000000000000000202340000000000355370005000000000007463
00600001000000000000000202350000000000214880005000000000004512
00600001000000000000000202360000000001252070005000000000026293
00600001000000000000000202370000000000413220005000000000008678
00600001000000000000000202380000000000242150005000000000005085
00600001000000000000000202390000000000371900005000000000007810
00600001000000000000000202400000000000157020005000000000003298
00600001000000000000000202410000000000238020005000000000004998
00600001000000000000000202420000000000400830005000000000008417
00600001000000000000000202430000000000520660005000000000010934
00600001000000000000000202440000000000499170005000000000010483
00600001000000000000000202450000000000326450005000000000006855
00600001000000000000000202460000000000373550005000000000007845
00600001000000000000000202470000000002297520005000000000048248
00600001000000000000000202480000000000578510005000000000012149
00600001000000000000000202490000000000595040005000000000012496
00600001000000000000000202500000000000466940005000000000009806
00600001000000000000000202510000000000542150005000000000011385
00600001000000000000000202520000000000349590005000000000007341
00600001000000000000000202530000000001607440005000000000033756
00600001000000000000000202540000000000123970005000000000002603
00600001000000000000000202550000000000462810005000000000009719
00600001000000000000000202560000000000861980005000000000018102
00600001000000000000000202570000000000363640005000000000007636
00600001000000000000000202580000000000157020005000000000003298
00600001000000000000000202590000000000256200005000000000005380
00600001000000000000000202600000000000357020005000000000007498
00600001000000000000000202610000000000504130005000000000010587
00600001000000000000000202620000000000316530005000000000006647
00600001000000000000000202630000000000219010005000000000004599
00600001000000000000000202640000000000148760005000000000003124
00600001000000000000000202650000000000289260005000000000006074
00600001000000000000000202660000000000402480005000000000008452
00600001000000000000000202670000000000409090005000000000008591
00600001000000000000000202680000000000138840005000000000002916
00600001000000000000000202690000000000086780005000000000001822
00600001000000000000000202700000000000114050005000000000002395
00600001000000000000000202710000000000304960005000000000006404
00600001000000000000000202720000000001003310005000000000021069
00100001000000000000000009840000000000611570005000000000012843
00600001000000000000000202730000000000595040005000000000012496
00600001000000000000000202740000000000366120005000000000007688
00600001000000000000000202750000000001528100005000000000032090
00600001000000000000000202760000000001078510005000000000022649
00600001000000000000000202770000000000409090005000000000008591
00600001000000000000000202780000000000442980005000000000009302
00600001000000000000000202790000000000123970005000000000002603
00600001000000000000000202800000000000161160005000000000003384
00100001000000000000000009850000000001037190005000000000021781
00100001000000000000000009860000000000466120005000000000009788
00600001000000000000000202810000000000586780005000000000012322
00600001000000000000000202820000000001190080005000000000024992
00600001000000000000000202830000000000665290005000000000013971
00600001000000000000000202840000000000392560005000000000008244
00600001000000000000000202850000000000128100005000000000002690
00600001000000000000000202860000000000039670005000000000000833
00600001000000000000000202870000000001037190005000000000021781
00600001000000000000000202880000000000371900005000000000007810
00600001000000000000000202890000000000933880005000000000019612
00600001000000000000000202900000000000672730005000000000014127
00600001000000000000000202910000000000359500005000000000007550
00600001000000000000000202920000000002603310005000000000054669
00600001000000000000000202930000000000268600005000000000005640
00600001000000000000000202940000000000330580005000000000006942
00600001000000000000000202950000000000223140005000000000004686
00600001000000000000000202960000000000140500005000000000002950
00600001000000000000000202970000000000277690005000000000005831
00600001000000000000000202980000000001008260005000000000021174
00600001000000000000000202990000000000475210005000000000009979
00600001000000000000000203000000000000123970005000000000002603
00600001000000000000000203010000000000767770005000000000016123
00600001000000000000000203020000000000681820005000000000014318
00600001000000000000000203030000000000351240005000000000007376
00600001000000000000000203040000000000090910005000000000001909
00600001000000000000000203050000000001457020005000000000030598
00600001000000000000000203060000000000151240005000000000003176
00600001000000000000000203070000000000123970005000000000002603
00600001000000000000000203080000000000095040005000000000001996
00600001000000000000000203090000000000363640005000000000007636
00600001000000000000000203100000000000593390005000000000012461
00600001000000000000000203110000000000086780005000000000001822
00600001000000000000000203120000000000619010005000000000012999
00600001000000000000000203130000000000396690005000000000008331
00600001000000000000000203140000000000148760005000000000003124
00600001000000000000000203150000000000289260005000000000006074
00600001000000000000000203160000000000460330005000000000009667
00600001000000000000000203170000000000735540005000000000015446
00600001000000000000000203180000000000703310005000000000014769
00600001000000000000000203190000000000074380005000000000001562
00600001000000000000000203200000000000867770005000000000018223
00600001000000000000000203210000000000596690005000000000012531
00600001000000000000000203220000000000491740005000000000010326
00600001000000000000000203230000000000545450005000000000011455
00600001000000000000000203240000000000280990005000000000005901
00600001000000000000000203250000000000279340005000000000005866
00600001000000000000000203260000000000793390005000000000016661
00600001000000000000000203270000000000461160005000000000009684
00600001000000000000000203280000000000603310005000000000012669
00600001000000000000000203290000000000706610005000000000014839
00600001000000000000000203300000000000607440005000000000012756
00600001000000000000000203310000000000570250005000000000011975
00600001000000000000000203320000000000086780005000000000001822
00600001000000000000000203330000000000640500005000000000013450
00600001000000000000000203340000000000477690005000000000010031
00600001000000000000000203350000000000644630005000000000013537
00600001000000000000000203360000000000194210005000000000004079
00600001000000000000000203370000000000219010005000000000004599
00600001000000000000000203380000000000090910005000000000001909
00600001000000000000000203390000000001144630005000000000024037
00600001000000000000000203400000000000429750005000000000009025
00600001000000000000000203410000000000512400005000000000010760
00600001000000000000000203420000000000256200005000000000005380
00600001000000000000000203430000000000276860005000000000005814
00600001000000000000000203440000000000681820005000000000014318
00600001000000000000000203450000000000185950005000000000003905
00100001000000000000000009870000000000830580005000000000017442
00600001000000000000000203460000000000256200005000000000005380
00600001000000000000000203470000000000425620005000000000008938
00600001000000000000000203480000000000413220005000000000008678
00600001000000000000000203490000000000289260005000000000006074
00600001000000000000000203500000000000285120005000000000005988
00600001000000000000000203510000000000347110005000000000007289
00600001000000000000000203520000000000177690005000000000003731
00600001000000000000000203530000000000322310005000000000006769
00100001000000000000000009880000000000231400005000000000004860
00600001000000000000000203540000000000457020005000000000009598
00600001000000000000000203550000000001037190005000000000021781
00600001000000000000000203560000000000119830005000000000002517
00600001000000000000000203570000000000347110005000000000007289
00600001000000000000000203580000000000615700005000000000012930
00600001000000000000000203590000000000221490005000000000004651
00600001000000000000000203600000000000185950005000000000003905
00600001000000000000000203610000000000227270005000000000004773
00600001000000000000000203620000000000371900005000000000007810
00600001000000000000000203630000000000421490005000000000008851
00600001000000000000000203640000000000399170005000000000008383
00600001000000000000000203650000000000475210005000000000009979
00600001000000000000000203660000000000115700005000000000002430
00600001000000000000000203670000000000214880005000000000004512
00600001000000000000000203680000000000347110005000000000007289
00600001000000000000000203690000000000239670005000000000005033
00600001000000000000000203700000000000103310005000000000002169
00600001000000000000000203710000000000442150005000000000009285
00600001000000000000000203720000000000747930005000000000015707
00600001000000000000000203730000000000299170005000000000006283
00600001000000000000000203740000000000876030005000000000018397
00600001000000000000000203750000000001167770005000000000024523
00600001000000000000000203760000000000556200005000000000011680
00600001000000000000000203770000000000694210005000000000014579
00600001000000000000000203780000000000185950005000000000003905
00600001000000000000000203790000000001198350005000000000025165
00600001000000000000000203800000000000152890005000000000003211
00600001000000000000000203810000000000181820005000000000003818
00600001000000000000000203820000000000475210005000000000009979
00600001000000000000000203830000000000086780005000000000001822
00600001000000000000000203840000000000231400005000000000004860
00600001000000000000000203850000000000363640005000000000007636
00600001000000000000000203860000000000173550005000000000003645
00600001000000000000000203870000000000384300005000000000008070
00600001000000000000000203880000000000322310005000000000006769
00600001000000000000000203890000000000363640005000000000007636
00600001000000000000000203900000000003463640005000000000072736
00600001000000000000000203910000000000628100005000000000013190
00600001000000000000000203920000000001479340005000000000031066
00600001000000000000000203930000000000376030005000000000007897
00600001000000000000000203940000000000214880005000000000004512
00600001000000000000000203950000000000826450005000000000017355
00600001000000000000000203960000000000272730005000000000005727
00600001000000000000000203970000000000095870005000000000002013
00600001000000000000000203980000000001219010005000000000025599
00600001000000000000000203990000000000520660005000000000010934
00600001000000000000000204000000000000392560005000000000008244
00600001000000000000000204010000000000223140005000000000004686
00600001000000000000000204020000000000285120005000000000005988
00600001000000000000000204030000000000150410005000000000003159
00600001000000000000000204040000000000694210005000000000014579
00600001000000000000000204050000000000100830005000000000002117
00600001000000000000000204060000000000429750005000000000009025
00600001000000000000000204070000000000210740005000000000004426
00600001000000000000000204080000000000462810005000000000009719
00600001000000000000000204090000000000404960005000000000008504
00600001000000000000000204100000000000694210005000000000014579
00600001000000000000000204110000000000155370005000000000003263
00600001000000000000000204120000000001219010005000000000025599
00600001000000000000000204130000000001271070005000000000026693
00600001000000000000000204140000000000561980005000000000011802
00600001000000000000000204150000000000719010005000000000015099
00600001000000000000000204160000000000570250005000000000011975
00600001000000000000000204170000000000880170005000000000018483
00600001000000000000000204180000000000396690005000000000008331
00600001000000000000000204190000000000366940005000000000007706
00600001000000000000000204200000000000595040005000000000012496
00600001000000000000000204210000000000214880005000000000004512
00600001000000000000000204220000000000272730005000000000005727
00600001000000000000000204230000000000227270005000000000004773
00600001000000000000000204240000000000904960005000000000019004
00600001000000000000000204250000000000082640005000000000001736
00600001000000000000000204260000000000163640005000000000003436
00600001000000000000000204270000000000143800005000000000003020
00600001000000000000000204280000000000690080005000000000014492
00600001000000000000000204290000000000828100005000000000017390
00600001000000000000000204300000000000342980005000000000007202
00600001000000000000000204310000000000157020005000000000003298
00600001000000000000000204320000000000338840005000000000007116
00600001000000000000000204330000000000268600005000000000005640
00600001000000000000000204340000000000645450005000000000013555
00600001000000000000000204350000000000780990005000000000016401
00600001000000000000000204360000000000446280005000000000009372
00600001000000000000000204370000000000297520005000000000006248
00600001000000000000000204380000000000578510005000000000012149
00600001000000000000000204390000000000900830005000000000018917
00600001000000000000000204400000000000392560005000000000008244
00600001000000000000000204410000000001438020005000000000030198
00600001000000000000000204420000000000330580005000000000006942
00600001000000000000000204430000000000458680005000000000009632
00600001000000000000000204440000000000698350005000000000014665
00600001000000000000000204450000000000132230005000000000002777
00600001000000000000000204460000000000314050005000000000006595
00600001000000000000000204470000000000863640005000000000018136
00600001000000000000000204480000000000144630005000000000003037
00600001000000000000000204490000000000268600005000000000005640
00600001000000000000000204500000000000355370005000000000007463
00600001000000000000000204510000000000144630005000000000003037
00600001000000000000000204520000000000161160005000000000003384
00600001000000000000000204540000000000276860005000000000005814
00600001000000000000000204550000000000400830005000000000008417
00600001000000000000000204560000000000280990005000000000005901
00600001000000000000000204570000000000314050005000000000006595
00600001000000000000000204580000000000797520005000000000016748
00600001000000000000000204590000000001231400005000000000025860
00600001000000000000000204600000000000352070005000000000007393
00600001000000000000000204610000000000557850005000000000011715
00600001000000000000000204620000000000371900005000000000007810
00600001000000000000000204630000000000371900005000000000007810
00600001000000000000000204640000000000607440005000000000012756
00600001000000000000000204650000000000123970005000000000002603
00600001000000000000000204660000000001035540005000000000021746
00600001000000000000000204670000000000144630005000000000003037
00600001000000000000000204680000000001102480005000000000023152
00600001000000000000000204690000000002066120005000000000043388
00600001000000000000000204700000000000409090005000000000008591
00600001000000000000000204710000000000363640005000000000007636
00600001000000000000000204720000000000942150005000000000019785
00600001000000000000000204730000000000194210005000000000004079
00600001000000000000000204740000000000527270005000000000011073
00600001000000000000000204750000000000533060005000000000011194
00100001000000000000000009890000000001012400005000000000021260
00100001000000000000000009900000000001384300005000000000029070
00600001000000000000000204760000000000123970005000000000002603
00600001000000000000000204770000000001056200005000000000022180
00600001000000000000000204780000000003355370005000000000070463
00600001000000000000000204790000000000247930005000000000005207
00600001000000000000000204800000000000520660005000000000010934
00600001000000000000000204810000000000210740005000000000004426
00600001000000000000000204820000000000557850005000000000011715
00600001000000000000000204830000000000785120005000000000016488
00600001000000000000000204840000000001297520005000000000027248
00600001000000000000000204850000000000066120005000000000001388
00600001000000000000000204860000000000140500005000000000002950
00600001000000000000000204870000000000086780005000000000001822
00600001000000000000000204880000000000871900005000000000018310
00600001000000000000000204890000000000681820005000000000014318
00100001000000000000000009910000000000347110005000000000007289
00600001000000000000000204900000000000585950005000000000012305
00600001000000000000000204910000000000669420005000000000014058
00600001000000000000000204920000000000206610005000000000004339
00600001000000000000000204930000000000797520005000000000016748
00600001000000000000000204940000000000177690005000000000003731
00600001000000000000000204950000000000184300005000000000003870
00600001000000000000000204960000000000723140005000000000015186
00600001000000000000000204970000000000316530005000000000006647
00600001000000000000000204980000000000157020005000000000003298
00600001000000000000000204990000000001388430005000000000029157
00600001000000000000000205000000000000351240005000000000007376
00600001000000000000000205010000000000603310005000000000012669
00600001000000000000000205020000000000842980005000000000017702
00600001000000000000000205030000000001276860005000000000026814
00600001000000000000000205040000000000314050005000000000006595
00600001000000000000000205050000000000671900005000000000014110
00600001000000000000000205060000000001330580005000000000027942
00100001000000000000000009920000000000177690005000000000003731
00600001000000000000000205070000000000009920005000000000000208
00600001000000000000000205080000000000377690005000000000007931
00600001000000000000000205090000000000190080005000000000003992
00600001000000000000000205100000000000460330005000000000009667
00600001000000000000000205110000000000770250005000000000016175
00600001000000000000000205120000000000305790005000000000006421
00600001000000000000000205130000000000227270005000000000004773
00600001000000000000000205140000000000359500005000000000007550
00600001000000000000000205150000000001297520005000000000027248
00600001000000000000000205160000000000128100005000000000002690

