001000080000000000000009259780000000000305457267220000000001794800006000000000048460
001000010000000000002016031380000000000306394539750000000000803910006000000000021706
001000020000000000000000320480000000000306624441500000000016348500005000000000343319
001000110000000000000000247680000000000306702886130000000000786680005000000000016520
001000070000000000000001537980000000000307109200670000000016062800005000000000337319
001000040000000000000012851980000000000307089261550000000003653940005000000000076733
001000030000000000000000315980000000000307111908950000000000300000005000000000006300
001025050000000000000000376880000000000305067300380000000000204380005000000000004292
001000030000000000000000827080000000000307106015730000000009985450005000000000209694
001000050000000000000000991580000000000307117783020000000013235000005000000000277935
001000010000000000000000001880000000000307146706180000000022000000005000000000462000
001000140000000000000000011780000000000307089261550000000005555360005000000000116663
001000240000000000000000253880000000000306702886130000000000393930005000000000008273
001000030000000000000000031880000000000202225521340000000003719010005000000000078099
001000040000000000000001505680000000000306336411090000000000355370005000000000007463
001000050000000000000001003280000000000307117783020000000005998000005000000000125958
001000030000000000000000705080000000000307109418540000000013300000005000000000279300

