00600001000000000000000195510000000000389260005000000000008174
00600001000000000000000195520000000000223140005000000000004686
00100001000000000000000009590000000000938020005000000000019698
00600001000000000000000195530000000000783470005000000000016453
00600001000000000000000195540000000000210740005000000000004426
00600001000000000000000195550000000000206610005000000000004339
00600001000000000000000195560000000000157020005000000000003298
00600001000000000000000195570000000000123970005000000000002603
00600001000000000000000195580000000000338840005000000000007116
00600001000000000000000136830000000000201650005000000000004235
00100001000000000000000009600000000001020660005000000000021434
00600001000000000000000195590000000000661160005000000000013884
00600001000000000000000195600000000000289260005000000000006074
00600001000000000000000195610000000000574380005000000000012062
00600001000000000000000195620000000000299170005000000000006283
00600001000000000000000195630000000000289260005000000000006074
00600001000000000000000195640000000000177690005000000000003731
00600001000000000000000195650000000000304960005000000000006404
00600001000000000000000195660000000000371900005000000000007810
00600001000000000000000195670000000000392560005000000000008244
00600001000000000000000195690000000000904130005000000000018987
00600001000000000000000195700000000000487600005000000000010240
00600001000000000000000195710000000000157020005000000000003298
00600001000000000000000195720000000000082640005000000000001736
00600001000000000000000195730000000000578510005000000000012149
00600001000000000000000195740000000000682640005000000000014336
00600001000000000000000195750000000000214880005000000000004512
00600001000000000000000195760000000000115700005000000000002430
00600001000000000000000195770000000002024790005000000000042521
00600001000000000000000195780000000000450410005000000000009459
00600001000000000000000195790000000000450410005000000000009459
00600001000000000000000195800000000005296690005000000000111231
00600001000000000000000195810000000001247930005000000000026207
00600001000000000000000195820000000000119830005000000000002517
00600001000000000000000195830000000000417360005000000000008764
00600001000000000000000195840000000000357850005000000000007515
00600001000000000000000195850000000000347110005000000000007289
00600001000000000000000195860000000000447110005000000000009389
00600001000000000000000195870000000000123970005000000000002603
00600001000000000000000195880000000000161160005000000000003384
00600001000000000000000195890000000000512400005000000000010760
00600001000000000000000195900000000001053720005000000000022128
00600001000000000000000195910000000001818180005000000000038182
00600001000000000000000195920000000000824790005000000000017321
00600001000000000000000195930000000000152890005000000000003211
00600001000000000000000195940000000000115700005000000000002430
00600001000000000000000195950000000000491740005000000000010326
00600001000000000000000195960000000000818180005000000000017182
00600001000000000000000195970000000003400830005000000000071417
00600001000000000000000195980000000000185950005000000000003905
00600001000000000000000195990000000000103310005000000000002169
00600001000000000000000196000000000000233880005000000000004912
00600001000000000000000196010000000000268600005000000000005640
00600001000000000000000196020000000000123970005000000000002603
00600001000000000000000196030000000000644630005000000000013537
00100001000000000000000009610000000000305790005000000000006421
00600001000000000000000196040000000000719010005000000000015099
00100001000000000000000009620000000001309920005000000000027508
00600001000000000000000196050000000000136360005000000000002864
00600001000000000000000196060000000000508260005000000000010674
00600001000000000000000196070000000000256200005000000000005380
00600001000000000000000196080000000000681820005000000000014318
00600001000000000000000196090000000000347110005000000000007289
00600001000000000000000196100000000000132230005000000000002777
00600001000000000000000196110000000000223140005000000000004686
00600001000000000000000196120000000000785120005000000000016488
00600001000000000000000196130000000000305790005000000000006421
00600001000000000000000196140000000000545450005000000000011455
00600001000000000000000196150000000000645450005000000000013555
00600001000000000000000196160000000001066120005000000000022388
00600001000000000000000196170000000000148760005000000000003124
00600001000000000000000196180000000000272730005000000000005727
00600001000000000000000196190000000000450410005000000000009459
00600001000000000000000196200000000000537190005000000000011281
00600001000000000000000196210000000000235540005000000000004946
00600001000000000000000196220000000000233880005000000000004912
00600001000000000000000196230000000000268600005000000000005640
00600001000000000000000196240000000000280990005000000000005901
00600001000000000000000196250000000000537190005000000000011281
00600001000000000000000196260000000000049590005000000000001041
00600001000000000000000196270000000000421490005000000000008851
00600001000000000000000196280000000000305790005000000000006421
00600001000000000000000196290000000001347110005000000000028289
00600001000000000000000196300000000000103310005000000000002169
00600001000000000000000196310000000001018180005000000000021382
00600001000000000000000196320000000000719010005000000000015099
00600001000000000000000196330000000000347110005000000000007289
00600001000000000000000196340000000000690080005000000000014492
00600001000000000000000196350000000000070250005000000000001475
00600001000000000000000196360000000000235540005000000000004946
00600001000000000000000196370000000000950410005000000000019959
00600001000000000000000196380000000000161160005000000000003384
00600001000000000000000196390000000000134710005000000000002829
00600001000000000000000196400000000001140500005000000000023950
00600001000000000000000196410000000000657020005000000000013798
00600001000000000000000196420000000001458680005000000000030632
00600001000000000000000196430000000000772730005000000000016227
00600001000000000000000196440000000000251240005000000000005276
00600001000000000000000196450000000000194210005000000000004079
00600001000000000000000196460000000000057850005000000000001215
00600001000000000000000196470000000000280990005000000000005901
00100001000000000000000009630000000002884300005000000000060570
00600001000000000000000196480000000000074380005000000000001562
00600001000000000000000196490000000000289260005000000000006074
00600001000000000000000196500000000000388430005000000000008157
00600001000000000000000196510000000000499170005000000000010483
00600001000000000000000196520000000000223140005000000000004686
00600001000000000000000196530000000000318180005000000000006682
00600001000000000000000196540000000000281820005000000000005918
00600001000000000000000196550000000000318180005000000000006682
00600001000000000000000196560000000000566120005000000000011888
00600001000000000000000196570000000000165290005000000000003471
00600001000000000000000196580000000000318180005000000000006682
00600001000000000000000196590000000000545450005000000000011455
00600001000000000000000196600000000000165290005000000000003471
00600001000000000000000196610000000000367770005000000000007723
00600001000000000000000196620000000000256200005000000000005380
00600001000000000000000196630000000000177690005000000000003731
00600001000000000000000196640000000000177690005000000000003731
00600001000000000000000196650000000000128100005000000000002690
00600001000000000000000196660000000001363640005000000000028636
00600001000000000000000196670000000000702480005000000000014752
00600001000000000000000196680000000000436360005000000000009164
00600001000000000000000196690000000000196690005000000000004131
00600001000000000000000196700000000000545450005000000000011455
00600001000000000000000196710000000000247930005000000000005207
00600001000000000000000196720000000000165290005000000000003471
00600001000000000000000196730000000000326450005000000000006855
00600001000000000000000196740000000000285120005000000000005988
00600001000000000000000196750000000002181820005000000000045818
00600001000000000000000196760000000000080990005000000000001701
00600001000000000000000196770000000000107440005000000000002256
00600001000000000000000196780000000000268600005000000000005640
00600001000000000000000196790000000001264460005000000000026554
00600001000000000000000196800000000000190080005000000000003992
00600001000000000000000196810000000001144630005000000000024037
00600001000000000000000196820000000000157020005000000000003298
00100001000000000000000009640000000001092980005000000000022952
00600001000000000000000196830000000000099170005000000000002083
00600001000000000000000196840000000000561980005000000000011802
00100001000000000000000009650000000003064460005000000000064354
00600001000000000000000196850000000000611570005000000000012843
00600001000000000000000196860000000000392560005000000000008244
00600001000000000000000196870000000000326450005000000000006855
00600001000000000000000196880000000000239670005000000000005033
00600001000000000000000196890000000000499170005000000000010483
00600001000000000000000196900000000001495870005000000000031413
00600001000000000000000196910000000000227270005000000000004773
00600001000000000000000196920000000000061980005000000000001302
00600001000000000000000196930000000000638020005000000000013398
00600001000000000000000196940000000000469420005000000000009858
00600001000000000000000196950000000000851240005000000000017876
00600001000000000000000196960000000000495870005000000000010413
00600001000000000000000196970000000000309920005000000000006508
00600001000000000000000196980000000000128100005000000000002690
00600001000000000000000196990000000004068600005000000000085440
00600001000000000000000197000000000000466940005000000000009806
00600001000000000000000197010000000000297520005000000000006248
00600001000000000000000197020000000000136360005000000000002864
00600001000000000000000197030000000000595040005000000000012496
00600001000000000000000197040000000000471070005000000000009893
00600001000000000000000197050000000000136360005000000000002864
00600001000000000000000197060000000000223140005000000000004686
00600001000000000000000197070000000000971070005000000000020393
00600001000000000000000197080000000000533060005000000000011194
00600001000000000000000197090000000001049590005000000000022041
00600001000000000000000197100000000000446280005000000000009372
00600001000000000000000197110000000000280990005000000000005901
00600001000000000000000197120000000000169420005000000000003558
00600001000000000000000197130000000000111570005000000000002343
00600001000000000000000197140000000000793390005000000000016661
00600001000000000000000197150000000001157020005000000000024298
00600001000000000000000197160000000000533060005000000000011194
00600001000000000000000197170000000000516530005000000000010847
00600001000000000000000197180000000000185950005000000000003905
00600001000000000000000197190000000000471070005000000000009893
00600001000000000000000197200000000000983470005000000000020653
00600001000000000000000197210000000001487600005000000000031240
00600001000000000000000197220000000000243800005000000000005120
00600001000000000000000197230000000000446280005000000000009372
00600001000000000000000197240000000001185950005000000000024905
00600001000000000000000197250000000001446280005000000000030372
00600001000000000000000197260000000001268600005000000000026640
00600001000000000000000197270000000000590910005000000000012409
00600001000000000000000197280000000000333060005000000000006994
00600001000000000000000197290000000000198350005000000000004165
00600001000000000000000197300000000000421490005000000000008851
00600001000000000000000197310000000000509920005000000000010708
00600001000000000000000197320000000000310740005000000000006526
00600001000000000000000197330000000000359500005000000000007550
00600001000000000000000197340000000000566120005000000000011888
00600001000000000000000197350000000000223140005000000000004686
00600001000000000000000197360000000000289260005000000000006074
00600001000000000000000197370000000000578510005000000000012149
00600001000000000000000197380000000000210740005000000000004426
00600001000000000000000197390000000000541320005000000000011368
00600001000000000000000197400000000000179340005000000000003766
00600001000000000000000197410000000000266120005000000000005588
00600001000000000000000197420000000000247110005000000000005189
00600001000000000000000197430000000000090910005000000000001909
00600001000000000000000197440000000000318180005000000000006682
00600001000000000000000197450000000000884300005000000000018570
00600001000000000000000197460000000000196690005000000000004131
00600001000000000000000197470000000000404960005000000000008504
00100001000000000000000009660000000000093390005000000000001961
00600001000000000000000197480000000000447930005000000000009407
00600001000000000000000197490000000001487600005000000000031240
00600001000000000000000197500000000000214880005000000000004512
00600001000000000000000197510000000000793390005000000000016661
00100001000000000000000009670000000000888430005000000000018657
00600001000000000000000197520000000000342980005000000000007202
00600001000000000000000197530000000000486780005000000000010222
00600001000000000000000197540000000000090910005000000000001909
00600001000000000000000197550000000000190080005000000000003992
00600001000000000000000197560000000000416530005000000000008747
00600001000000000000000197570000000000429750005000000000009025
00600001000000000000000197580000000001349590005000000000028341
00600001000000000000000197590000000000371900005000000000007810
00100001000000000000000009680000000003566120005000000000074888
00600001000000000000000197600000000000161160005000000000003384
00600001000000000000000197610000000000590910005000000000012409
00600001000000000000000197620000000000996690005000000000020931
00600001000000000000000197630000000000177690005000000000003731
00600001000000000000000197640000000000861980005000000000018102
00600001000000000000000197650000000001795040005000000000037696
00600001000000000000000197660000000000429750005000000000009025
00600001000000000000000197670000000000227270005000000000004773
00600001000000000000000197680000000000640500005000000000013450
00600001000000000000000197690000000001983470005000000000041653
00600001000000000000000197700000000000181820005000000000003818
00600001000000000000000197710000000000177690005000000000003731
00600001000000000000000197720000000000462810005000000000009719
00600001000000000000000197730000000000200000005000000000004200
00600001000000000000000197740000000000214880005000000000004512
00600001000000000000000197750000000000231400005000000000004860
00600001000000000000000136840000000001309920005000000000027508
00600001000000000000000197760000000000152890005000000000003211
00600001000000000000000197770000000001508260005000000000031674
00600001000000000000000197780000000000198350005000000000004165
00600001000000000000000197790000000000256200005000000000005380
00600001000000000000000197800000000000314050005000000000006595
00600001000000000000000197810000000000252070005000000000005293
00600001000000000000000197820000000000167770005000000000003523
00600001000000000000000197830000000000198350005000000000004165
00600001000000000000000197840000000000376030005000000000007897
00600001000000000000000197850000000000180170005000000000003783
00600001000000000000000197860000000000471070005000000000009893
00600001000000000000000197870000000000272730005000000000005727
00600001000000000000000197880000000000227270005000000000004773
00600001000000000000000197890000000000557850005000000000011715
00600001000000000000000197900000000001269420005000000000026658
00600001000000000000000197910000000000123970005000000000002603
00600001000000000000000197920000000000136360005000000000002864
00600001000000000000000197930000000000128100005000000000002690
00600001000000000000000197940000000000632230005000000000013277
00600001000000000000000197950000000000086780005000000000001822
00600001000000000000000197960000000000161160005000000000003384
00600001000000000000000197970000000000500000005000000000010500
00600001000000000000000197980000000000694210005000000000014579
00600001000000000000000197990000000000283470005000000000005953
00600001000000000000000198000000000000487600005000000000010240
00600001000000000000000198010000000000247930005000000000005207
00600001000000000000000198020000000000495870005000000000010413
00600001000000000000000198030000000000446280005000000000009372
00600001000000000000000198040000000001223140005000000000025686
00600001000000000000000198050000000000425620005000000000008938
00600001000000000000000198060000000000619830005000000000013017
00600001000000000000000198070000000001342980005000000000028202
00600001000000000000000198080000000001756200005000000000036880
00600001000000000000000198090000000000214880005000000000004512
00600001000000000000000198100000000000477690005000000000010031
00600001000000000000000198110000000000657020005000000000013798
00600001000000000000000198120000000000206610005000000000004339
00600001000000000000000198130000000000890910005000000000018709
00600001000000000000000198140000000000417360005000000000008764
00100001000000000000000009690000000000367770005000000000007723
00600001000000000000000198150000000000719010005000000000015099
00600001000000000000000198160000000000942150005000000000019785
00600001000000000000000198170000000000933880005000000000019612
00600001000000000000000198180000000000897520005000000000018848
00600001000000000000000198190000000000802480005000000000016852
00600001000000000000000198200000000000438020005000000000009198
00600001000000000000000198210000000000247930005000000000005207
00600001000000000000000198220000000000194210005000000000004079
00600001000000000000000198230000000000442150005000000000009285
00600001000000000000000198240000000001952890005000000000041011
00600001000000000000000198250000000000367770005000000000007723
00600001000000000000000198260000000000272730005000000000005727
00600001000000000000000198270000000000971070005000000000020393
00600001000000000000000198280000000000144630005000000000003037
00600001000000000000000198290000000000668600005000000000014040
00600001000000000000000198300000000000123970005000000000002603
00600001000000000000000198310000000000851240005000000000017876
00600001000000000000000198320000000000177690005000000000003731
00600001000000000000000198330000000000293390005000000000006161
00600001000000000000000198340000000001260330005000000000026467
00600001000000000000000198350000000000475210005000000000009979
00600001000000000000000198360000000000198350005000000000004165
00600001000000000000000198370000000000229750005000000000004825
00600001000000000000000198380000000000239670005000000000005033
00600001000000000000000198390000000000780990005000000000016401
00600001000000000000000198400000000000289260005000000000006074
00600001000000000000000198410000000000342980005000000000007202
00600001000000000000000198420000000000223140005000000000004686
00600001000000000000000198430000000000491740005000000000010326
00600001000000000000000198440000000000314050005000000000006595
00600001000000000000000198450000000000314050005000000000006595
00600001000000000000000198460000000000161160005000000000003384
00600001000000000000000198470000000001194210005000000000025079
00600001000000000000000198480000000000607440005000000000012756
00600001000000000000000198490000000000983470005000000000020653
00100001000000000000000009700000000004132230005000000000086777
00600001000000000000000198500000000000355370005000000000007463
00600001000000000000000198510000000000586780005000000000012322
00600001000000000000000198520000000000333060005000000000006994
00600001000000000000000198530000000000190080005000000000003992
00600001000000000000000198540000000000396690005000000000008331
00600001000000000000000198550000000000256200005000000000005380
00600001000000000000000198560000000000318180005000000000006682
00600001000000000000000198570000000000531400005000000000011160
00600001000000000000000198580000000000198350005000000000004165
00600001000000000000000198590000000000318180005000000000006682
00600001000000000000000198600000000000818180005000000000017182
00600001000000000000000198610000000000429750005000000000009025
00600001000000000000000198620000000000190080005000000000003992
00600001000000000000000198630000000000487600005000000000010240
00600001000000000000000198640000000000247930005000000000005207
00600001000000000000000198650000000000190080005000000000003992
00600001000000000000000198660000000000557850005000000000011715
00600001000000000000000198670000000001264460005000000000026554
00600001000000000000000198680000000000805790005000000000016921
00600001000000000000000198690000000000545450005000000000011455
00600001000000000000000198700000000000322310005000000000006769
00600001000000000000000198710000000001309920005000000000027508
00600001000000000000000198720000000000185950005000000000003905
00600001000000000000000198730000000000355370005000000000007463
00600001000000000000000198740000000000322310005000000000006769
00600001000000000000000198750000000000950410005000000000019959
00600001000000000000000198760000000000103310005000000000002169
00600001000000000000000198770000000000086780005000000000001822
00600001000000000000000198780000000000640500005000000000013450
00600001000000000000000198790000000000409090005000000000008591
00600001000000000000000198800000000000533060005000000000011194
00600001000000000000000198810000000000242150005000000000005085
00600001000000000000000198820000000000119830005000000000002517
00600001000000000000000198830000000001045450005000000000021955
00600001000000000000000198840000000000644630005000000000013537
00600001000000000000000198850000000000537190005000000000011281
00600001000000000000000198860000000000107440005000000000002256
00600001000000000000000198870000000000161160005000000000003384
00600001000000000000000198880000000000824790005000000000017321
00600001000000000000000198890000000000892560005000000000018744
00600001000000000000000198900000000002500000005000000000052500
00600001000000000000000198910000000000148760005000000000003124
00600001000000000000000198920000000000144630005000000000003037
00600001000000000000000198930000000000268600005000000000005640
00600001000000000000000198940000000000107440005000000000002256
00600001000000000000000198950000000000380170005000000000007983
00600001000000000000000198960000000000475210005000000000009979
00600001000000000000000198970000000000223140005000000000004686
00600001000000000000000198980000000000367770005000000000007723
00600001000000000000000198990000000000979340005000000000020566
00600001000000000000000199000000000000504130005000000000010587
00600001000000000000000199010000000000363640005000000000007636
00600001000000000000000199020000000000223140005000000000004686
00600001000000000000000199030000000000330580005000000000006942
00600001000000000000000199040000000000706610005000000000014839
00600001000000000000000199050000000000347110005000000000007289
00600001000000000000000199060000000000541320005000000000011368
00600001000000000000000199070000000000041320005000000000000868
00600001000000000000000199080000000000268600005000000000005640
00600001000000000000000199090000000001983470005000000000041653
00600001000000000000000199100000000000223140005000000000004686
00600001000000000000000199110000000000297520005000000000006248
00600001000000000000000199120000000000593390005000000000012461
00600001000000000000000199130000000000838840005000000000017616
00600001000000000000000199140000000000384300005000000000008070
00600001000000000000000199150000000000549590005000000000011541
00600001000000000000000199160000000003247930005000000000068207
00600001000000000000000199170000000000181820005000000000003818
00600001000000000000000199180000000000095040005000000000001996
00600001000000000000000199190000000000590910005000000000012409
00600001000000000000000199200000000000268600005000000000005640
00600001000000000000000199210000000000123970005000000000002603
00600001000000000000000199220000000000516530005000000000010847
00600001000000000000000199230000000000371900005000000000007810
00600001000000000000000199240000000000371900005000000000007810
00600001000000000000000199250000000000376030005000000000007897
00600001000000000000000199260000000000409090005000000000008591
00600001000000000000000199270000000000214880005000000000004512
00600001000000000000000199280000000000420660005000000000008834
00600001000000000000000199290000000000523140005000000000010986
00600001000000000000000199300000000001614050005000000000033895
00600001000000000000000199310000000000173550005000000000003645
00600001000000000000000199320000000000371900005000000000007810
00600001000000000000000199330000000003185950005000000000066905
00600001000000000000000199340000000000247930005000000000005207
00600001000000000000000199350000000000161160005000000000003384
00100001000000000000000009710000000000260330005000000000005467
00600001000000000000000199360000000000438020005000000000009198
00600001000000000000000199370000000000884300005000000000018570
00600001000000000000000199380000000000731400005000000000015360
00600001000000000000000199390000000000495870005000000000010413
00600001000000000000000199400000000000417360005000000000008764
00600001000000000000000199410000000002169420005000000000045558
00600001000000000000000199420000000000326450005000000000006855
00600001000000000000000199430000000000214880005000000000004512
00600001000000000000000199440000000002280990005000000000047901
00600001000000000000000199450000000001652890005000000000034711
00600001000000000000000199460000000001057850005000000000022215
00600001000000000000000199470000000002458680005000000000051632
00600001000000000000000199480000000000404960005000000000008504
00100001000000000000000009720000000000297520005000000000006248
00600001000000000000000199490000000000586780005000000000012322
00600001000000000000000199500000000000264460005000000000005554
00600001000000000000000199510000000000809920005000000000017008
00600001000000000000000199520000000000500000005000000000010500
00600001000000000000000199530000000000409090005000000000008591
00600001000000000000000199540000000000318180005000000000006682
00600001000000000000000199550000000001578510005000000000033149
00600001000000000000000199560000000000909090005000000000019091
00600001000000000000000199570000000000276860005000000000005814
00600001000000000000000199580000000001318180005000000000027682
00600001000000000000000199590000000000128100005000000000002690
00600001000000000000000199600000000001561980005000000000032802
00600001000000000000000199610000000000155370005000000000003263
00600001000000000000000199620000000000706610005000000000014839
00600001000000000000000199630000000001371900005000000000028810
00600001000000000000000199640000000000471070005000000000009893
00600001000000000000000199650000000000198350005000000000004165
00600001000000000000000199660000000000561980005000000000011802
00600001000000000000000199670000000000392560005000000000008244
00600001000000000000000199680000000000080990005000000000001701
00600001000000000000000199690000000000128100005000000000002690
00600001000000000000000199700000000000070250005000000000001475
00100001000000000000000009730000000000590910005000000000012409
00100001000000000000000009740000000000326450005000000000006855
00300001000000000000000000170000000000590910005000000000012409
00600001000000000000000199710000000000681820005000000000014318
00600001000000000000000199720000000001499170005000000000031483
00600001000000000000000199730000000000392560005000000000008244
00600001000000000000000199740000000000479340005000000000010066
00600001000000000000000199750000000000347110005000000000007289
00600001000000000000000199760000000000315700005000000000006630
00600001000000000000000199770000000001326450005000000000027855
00100001000000000000000009750000000000516530005000000000010847
00600001000000000000000199780000000000103310005000000000002169
00600001000000000000000199790000000001197520005000000000025148
00600001000000000000000199800000000000475210005000000000009979
00600001000000000000000199810000000000355370005000000000007463
00600001000000000000000199820000000001640500005000000000034450
00600001000000000000000199830000000000161980005000000000003402
00600001000000000000000199840000000000190080005000000000003992
00600001000000000000000199850000000000475210005000000000009979
00600001000000000000000199860000000000475210005000000000009979
00600001000000000000000199870000000000561980005000000000011802
00600001000000000000000199880000000000103310005000000000002169
00600001000000000000000199890000000000719010005000000000015099
00600001000000000000000199900000000001033060005000000000021694
00600001000000000000000199910000000000254550005000000000005345
00600001000000000000000199920000000000553720005000000000011628
00600001000000000000000199930000000000487600005000000000010240
00600001000000000000000199940000000000746280005000000000015672
00600001000000000000000199950000000001471070005000000000030893
00600001000000000000000199960000000000481820005000000000010118
00600001000000000000000199970000000000892560005000000000018744
00600001000000000000000199980000000000090910005000000000001909
00600001000000000000000199990000000000717360005000000000015064
00600001000000000000000200000000000000181820005000000000003818
00600001000000000000000200010000000000318180005000000000006682
00600001000000000000000200020000000000247930005000000000005207
00600001000000000000000200030000000000404960005000000000008504
00600001000000000000000200040000000000177690005000000000003731
00600001000000000000000200050000000000209920005000000000004408
00600001000000000000000200060000000000599170005000000000012583
00600001000000000000000200070000000000289260005000000000006074
00600001000000000000000200080000000000923140005000000000019386
00600001000000000000000200090000000000416530005000000000008747
00600001000000000000000200100000000000371900005000000000007810
00600001000000000000000200110000000000198350005000000000004165
00600001000000000000000200120000000000475210005000000000009979
00600001000000000000000200130000000000305790005000000000006421
00600001000000000000000200140000000000271070005000000000005693

