00600001000000000000000191730000000000247930005000000000005207
00600001000000000000000191740000000000309920005000000000006508
00600001000000000000000191750000000000516530005000000000010847
00600001000000000000000191760000000000128100005000000000002690
00600001000000000000000191770000000000502480005000000000010552
00600001000000000000000191780000000000186780005000000000003922
00600001000000000000000191790000000000794210005000000000016679
00600001000000000000000191800000000000043800005000000000000920
00600001000000000000000191810000000000561980005000000000011802
00600001000000000000000191820000000001066120005000000000022388
00600001000000000000000191830000000000619830005000000000013017
00600001000000000000000191840000000000537190005000000000011281
00600001000000000000000191850000000000206610005000000000004339
00600001000000000000000191860000000000698350005000000000014665
00600001000000000000000191870000000000392560005000000000008244
00600001000000000000000191880000000001458680005000000000030632
00600001000000000000000191890000000000466940005000000000009806
00600001000000000000000191900000000000719010005000000000015099
00600001000000000000000191910000000001442150005000000000030285
00600001000000000000000191920000000000169420005000000000003558
00600001000000000000000191930000000000987600005000000000020740
00600001000000000000000191940000000000429750005000000000009025
00600001000000000000000191950000000000483470005000000000010153
00600001000000000000000191960000000000323140005000000000006786
00600001000000000000000191970000000000359500005000000000007550
00600001000000000000000191980000000001154550005000000000024245
00600001000000000000000191990000000000578510005000000000012149
00600001000000000000000192000000000000326450005000000000006855
00600001000000000000000192010000000000239670005000000000005033
00600001000000000000000192020000000000144630005000000000003037
00600001000000000000000192030000000000527270005000000000011073
00600001000000000000000192040000000000272730005000000000005727
00600001000000000000000192050000000000144630005000000000003037
00600001000000000000000192060000000000363640005000000000007636
00600001000000000000000192070000000000337190005000000000007081
00600001000000000000000192080000000001692560005000000000035544
00600001000000000000000192090000000000214880005000000000004512
00600001000000000000000192100000000000599170005000000000012583
00600001000000000000000192110000000000152890005000000000003211
00100001000000000000000009370000000003338840005000000000070116
00600001000000000000000192120000000000503310005000000000010569
00600001000000000000000192130000000000309920005000000000006508
00600001000000000000000192140000000001095040005000000000022996
00600001000000000000000192150000000000409090005000000000008591
00600001000000000000000192160000000000309920005000000000006508
00600001000000000000000192170000000000140500005000000000002950
00600001000000000000000192180000000000524790005000000000011021
00600001000000000000000192190000000000206610005000000000004339
00600001000000000000000192200000000000347110005000000000007289
00600001000000000000000192210000000000995870005000000000020913
00100001000000000000000009380000000001041320005000000000021868
00600001000000000000000192220000000000309920005000000000006508
00600001000000000000000192230000000000161160005000000000003384
00600001000000000000000192240000000000664460005000000000013954
00600001000000000000000192250000000001061980005000000000022302
00600001000000000000000192260000000000308260005000000000006474
00600001000000000000000192270000000000243800005000000000005120
00600001000000000000000192280000000000756200005000000000015880
00600001000000000000000192290000000000132230005000000000002777
00600001000000000000000192300000000000099170005000000000002083
00600001000000000000000192310000000000863640005000000000018136
00600001000000000000000192320000000000950410005000000000019959
00600001000000000000000192330000000000134710005000000000002829
00600001000000000000000192340000000000235540005000000000004946
00600001000000000000000192350000000000388430005000000000008157
00600001000000000000000192360000000001057020005000000000022198
00600001000000000000000192370000000000136360005000000000002864
00600001000000000000000192380000000000268600005000000000005640
00600001000000000000000192390000000001528930005000000000032107
00600001000000000000000136820000000001264460005000000000026554
00600001000000000000000192400000000000663640005000000000013936
00100001000000000000000009390000000005844630005000000000122737
00100001000000000000000009400000000000644630005000000000013537
00100001000000000000000009410000000000516530005000000000010847
00100001000000000000000009420000000000272730005000000000005727
00600001000000000000000192410000000000144630005000000000003037
00600001000000000000000192420000000000136360005000000000002864
00600001000000000000000192430000000000663640005000000000013936
00100001000000000000000009430000000001661160005000000000034884
00600001000000000000000192440000000000185950005000000000003905
00600001000000000000000192450000000000702480005000000000014752
00600001000000000000000192460000000000855370005000000000017963
00600001000000000000000192470000000000070250005000000000001475
00600001000000000000000192480000000000410740005000000000008626
00100001000000000000000009440000000004462810005000000000093719
00100001000000000000000009450000000000991740005000000000020826
00600001000000000000000192490000000010066120005000000000211388
00600001000000000000000192500000000000760330005000000000015967
00600001000000000000000192510000000000404960005000000000008504
00600001000000000000000192520000000002462810005000000000051719
00600001000000000000000000260000000002462810005000000000051719
00600001000000000000000000270000000007603310005000000000159669
00600001000000000000000192530000000000185950005000000000003905
00600001000000000000000192540000000000809920005000000000017008
00600001000000000000000192550000000000293390005000000000006161
00600001000000000000000192560000000001611570005000000000033843
00600001000000000000000192570000000000376030005000000000007897
00600001000000000000000192580000000000196690005000000000004131
00600001000000000000000192590000000000161160005000000000003384
00600001000000000000000192600000000000206610005000000000004339
00600001000000000000000192610000000000119830005000000000002517
00600001000000000000000192620000000000863640005000000000018136
00600001000000000000000192630000000000103310005000000000002169
00600001000000000000000192640000000000330580005000000000006942
00600001000000000000000192650000000000185950005000000000003905
00600001000000000000000192660000000000123970005000000000002603
00600001000000000000000192670000000000488430005000000000010257
00600001000000000000000192680000000000607440005000000000012756
00600001000000000000000192690000000000194210005000000000004079
00600001000000000000000192700000000000421490005000000000008851
00600001000000000000000192710000000000057850005000000000001215
00600001000000000000000192720000000000913220005000000000019178
00600001000000000000000192730000000000652890005000000000013711
00600001000000000000000192740000000000516530005000000000010847
00600001000000000000000192750000000000599170005000000000012583
00600001000000000000000192760000000000181820005000000000003818
00600001000000000000000192770000000001177690005000000000024731
00600001000000000000000192780000000000520660005000000000010934
00600001000000000000000192790000000000471070005000000000009893
00100001000000000000000009460000000000388430005000000000008157
00600001000000000000000192800000000000200830005000000000004217
00600001000000000000000192810000000000300000005000000000006300
00600001000000000000000192820000000000235540005000000000004946
00600001000000000000000192830000000000512400005000000000010760
00600001000000000000000192840000000000299170005000000000006283
00600001000000000000000192850000000000148760005000000000003124
00600001000000000000000192860000000000239670005000000000005033
00600001000000000000000192870000000000570250005000000000011975
00600001000000000000000192880000000000316530005000000000006647
00600001000000000000000192890000000000359500005000000000007550
00600001000000000000000192900000000001074380005000000000022562
00100001000000000000000009470000000000157020005000000000003298
00600001000000000000000192910000000000504130005000000000010587
00600001000000000000000192920000000000198350005000000000004165
00600001000000000000000192930000000001861160005000000000039084
00600001000000000000000192940000000000177690005000000000003731
00600001000000000000000192950000000000304130005000000000006387
00600001000000000000000192960000000001404960005000000000029504
00600001000000000000000192970000000000249590005000000000005241
00600001000000000000000192980000000000157020005000000000003298
00600001000000000000000192990000000000144630005000000000003037
00600001000000000000000193000000000000325620005000000000006838
00600001000000000000000193010000000000227270005000000000004773
00600001000000000000000193020000000000607440005000000000012756
00600001000000000000000193030000000000847110005000000000017789
00600001000000000000000193040000000000061980005000000000001302
00600001000000000000000193050000000000086780005000000000001822
00100001000000000000000009480000000002251240005000000000047276
00600001000000000000000193060000000002933880005000000000061612
00600001000000000000000193070000000000325620005000000000006838
00600001000000000000000193080000000002123970005000000000044603
00600001000000000000000193090000000000971070005000000000020393
00100001000000000000000009490000000000152890005000000000003211
00600001000000000000000193100000000000409090005000000000008591
00600001000000000000000193110000000000950410005000000000019959
00600001000000000000000193120000000000119830005000000000002517
00600001000000000000000193130000000000178510005000000000003749
00600001000000000000000193140000000000227270005000000000004773
00600001000000000000000193150000000001438020005000000000030198
00600001000000000000000193160000000000326450005000000000006855
00100001000000000000000009500000000001537190005000000000032281
00600001000000000000000193170000000000243800005000000000005120
00600001000000000000000193180000000000436360005000000000009164
00600001000000000000000193190000000000123970005000000000002603
00600001000000000000000193200000000000892560005000000000018744
00600001000000000000000193210000000000710740005000000000014926
00600001000000000000000193220000000000260330005000000000005467
00600001000000000000000193230000000000892560005000000000018744
00600001000000000000000193240000000006285120005000000000131988
00600001000000000000000193250000000000702480005000000000014752
00600001000000000000000193260000000000758680005000000000015932
00600001000000000000000193270000000000247930005000000000005207
00600001000000000000000193280000000000495870005000000000010413
00600001000000000000000193290000000000654550005000000000013745
00600001000000000000000193300000000000028930005000000000000607
00600001000000000000000193310000000000738020005000000000015498
00600001000000000000000000280000000000028930005000000000000607
00600001000000000000000193320000000000425620005000000000008938
00600001000000000000000193330000000000603310005000000000012669
00600001000000000000000193340000000001818180005000000000038182
00600001000000000000000193350000000001189260005000000000024974
00600001000000000000000193360000000000090910005000000000001909
00600001000000000000000193370000000000198350005000000000004165
00600001000000000000000193380000000000504130005000000000010587
00600001000000000000000193390000000000413220005000000000008678
00600001000000000000000193400000000000396690005000000000008331
00600001000000000000000193410000000000657020005000000000013798
00600001000000000000000193420000000000533880005000000000011212
00600001000000000000000193430000000000239670005000000000005033
00600001000000000000000193440000000000533060005000000000011194
00600001000000000000000193450000000000454550005000000000009545
00600001000000000000000193460000000000041320005000000000000868
00600001000000000000000193470000000000324790005000000000006821
00600001000000000000000193480000000000392560005000000000008244
00600001000000000000000193490000000000371900005000000000007810
00600001000000000000000193500000000001132230005000000000023777
00600001000000000000000193510000000001136360005000000000023864
00600001000000000000000193520000000000309920005000000000006508
00600001000000000000000193530000000000157020005000000000003298
00600001000000000000000193540000000001471070005000000000030893
00600001000000000000000193550000000000283470005000000000005953
00600001000000000000000193560000000000223140005000000000004686
00600001000000000000000193570000000000809920005000000000017008
00600001000000000000000193580000000000330580005000000000006942
00600001000000000000000193590000000000980990005000000000020601
00600001000000000000000193600000000000755370005000000000015863
00600001000000000000000193610000000000349590005000000000007341
00600001000000000000000193620000000000123970005000000000002603
00600001000000000000000193630000000001633060005000000000034294
00600001000000000000000193640000000000861980005000000000018102
00600001000000000000000193650000000000347930005000000000007307
00600001000000000000000193660000000000620660005000000000013034
00600001000000000000000193670000000000483470005000000000010153
00600001000000000000000193680000000002113220005000000000044378
00600001000000000000000193690000000000190080005000000000003992
00600001000000000000000193700000000000475210005000000000009979
00600001000000000000000193710000000000462810005000000000009719
00600001000000000000000193720000000000177690005000000000003731
00600001000000000000000193730000000000359500005000000000007550
00600001000000000000000193740000000000690080005000000000014492
00600001000000000000000193750000000000438020005000000000009198
00600001000000000000000193760000000001209920005000000000025408
00600001000000000000000193770000000000322310005000000000006769
00600001000000000000000193780000000000214880005000000000004512
00600001000000000000000193790000000000074380005000000000001562
00600001000000000000000193800000000000363640005000000000007636
00600001000000000000000193810000000000603310005000000000012669
00600001000000000000000193820000000000177690005000000000003731
00600001000000000000000193830000000000272730005000000000005727
00600001000000000000000193840000000000632230005000000000013277
00600001000000000000000193850000000000177690005000000000003731
00600001000000000000000193860000000001318180005000000000027682
00600001000000000000000193870000000003128100005000000000065690
00600001000000000000000193880000000000099170005000000000002083
00600001000000000000000193890000000000780990005000000000016401
00600001000000000000000193900000000000322310005000000000006769
00600001000000000000000193910000000000338840005000000000007116
00600001000000000000000193920000000000184300005000000000003870
00600001000000000000000193930000000001152890005000000000024211
00600001000000000000000193940000000000163640005000000000003436
00600001000000000000000193950000000000041320005000000000000868
00600001000000000000000193960000000000206610005000000000004339
00600001000000000000000193970000000000454550005000000000009545
00600001000000000000000193980000000000957020005000000000020098
00600001000000000000000193990000000000764460005000000000016054
00600001000000000000000194000000000000512400005000000000010760
00100001000000000000000009510000000000144630005000000000003037
00600001000000000000000194010000000000297520005000000000006248
00600001000000000000000194020000000000285120005000000000005988
00600001000000000000000194030000000000254550005000000000005345
00600001000000000000000194040000000000136360005000000000002864
00600001000000000000000194050000000000342980005000000000007202
00600001000000000000000194060000000000264460005000000000005554
00600001000000000000000194070000000000475210005000000000009979
00600001000000000000000194080000000000161160005000000000003384
00600001000000000000000194090000000000374380005000000000007862
00600001000000000000000194100000000000070250005000000000001475
00600001000000000000000194110000000000181820005000000000003818
00600001000000000000000194120000000000247930005000000000005207
00600001000000000000000194130000000000351240005000000000007376
00600001000000000000000194140000000000115700005000000000002430
00600001000000000000000194150000000000326450005000000000006855
00600001000000000000000194160000000000227270005000000000004773
00600001000000000000000194170000000000642150005000000000013485
00600001000000000000000194180000000000702480005000000000014752
00600001000000000000000194190000000000272730005000000000005727
00600001000000000000000194200000000000900830005000000000018917
00600001000000000000000194210000000000161980005000000000003402
00100001000000000000000009520000000002392560005000000000050244
00600001000000000000000194220000000000210740005000000000004426
00100001000000000000000009530000000001074380005000000000022562
00600001000000000000000194230000000000322310005000000000006769
00600001000000000000000194240000000000194210005000000000004079
00600001000000000000000194250000000000615700005000000000012930
00600001000000000000000194260000000000000830005000000000000017
00600001000000000000000194270000000000000830005000000000000017
00600001000000000000000194280000000001033060005000000000021694
00100001000000000000000009540000000001946280005000000000040872
00100001000000000000000009550000000000669420005000000000014058
00600001000000000000000194290000000001053720005000000000022128
00600001000000000000000194300000000000985950005000000000020705
00600001000000000000000194310000000000805790005000000000016921
00600001000000000000000194320000000000446280005000000000009372
00600001000000000000000194330000000000128930005000000000002707
00600001000000000000000194340000000000483470005000000000010153
00600001000000000000000194350000000000264460005000000000005554
00600001000000000000000194360000000000706610005000000000014839
00600001000000000000000194370000000000429750005000000000009025
00600001000000000000000194380000000000409090005000000000008591
00100001000000000000000009560000000000342980005000000000007202
00600001000000000000000194390000000000305790005000000000006421
00600001000000000000000194400000000000979340005000000000020566
00600001000000000000000000290000000000979340005000000000020566
00600001000000000000000194410000000000996690005000000000020931
00600001000000000000000194420000000000780990005000000000016401
00600001000000000000000194430000000001017360005000000000021364
00600001000000000000000194440000000000347110005000000000007289
00600001000000000000000194450000000000206610005000000000004339
00600001000000000000000194460000000000351240005000000000007376
00600001000000000000000194470000000000107440005000000000002256
00600001000000000000000194480000000000388430005000000000008157
00600001000000000000000194490000000000384300005000000000008070
00600001000000000000000194500000000000582640005000000000012236
00600001000000000000000194510000000001066120005000000000022388
00600001000000000000000194520000000000152890005000000000003211
00600001000000000000000194530000000000673550005000000000014145
00600001000000000000000194540000000000706610005000000000014839
00600001000000000000000194550000000000857020005000000000017998
00600001000000000000000194560000000001830580005000000000038442
00600001000000000000000194570000000002020660005000000000042434
00600001000000000000000194580000000000818180005000000000017182
00600001000000000000000194590000000000421490005000000000008851
00600001000000000000000194600000000000280990005000000000005901
00600001000000000000000194610000000000752070005000000000015793
00600001000000000000000194620000000000570250005000000000011975
00600001000000000000000194630000000001190080005000000000024992
00600001000000000000000194640000000000719010005000000000015099
00600001000000000000000194650000000000824790005000000000017321
00600001000000000000000194660000000000185950005000000000003905
00600001000000000000000194670000000000723140005000000000015186
00600001000000000000000194680000000000338840005000000000007116
00100001000000000000000009570000000000080990005000000000001701
00600001000000000000000194690000000000227270005000000000004773
00600001000000000000000194700000000000272730005000000000005727
00600001000000000000000194710000000000161160005000000000003384
00600001000000000000000194720000000000468600005000000000009840
00600001000000000000000194730000000000107440005000000000002256
00600001000000000000000194740000000001103310005000000000023169
00600001000000000000000194750000000000446280005000000000009372
00600001000000000000000194760000000000210740005000000000004426
00600001000000000000000194780000000000247930005000000000005207
00600001000000000000000194790000000000504960005000000000010604
00600001000000000000000194800000000000819830005000000000017217
00600001000000000000000194810000000000210740005000000000004426
00600001000000000000000194820000000000646280005000000000013572
00600001000000000000000194830000000000634710005000000000013329
00600001000000000000000194840000000000479340005000000000010066
00600001000000000000000194850000000000099170005000000000002083
00600001000000000000000194860000000000369420005000000000007758
00600001000000000000000194870000000000475210005000000000009979
00600001000000000000000194880000000000454550005000000000009545
00600001000000000000000194890000000000123970005000000000002603
00600001000000000000000194900000000000103310005000000000002169
00600001000000000000000194910000000000557850005000000000011715
00600001000000000000000194920000000000297520005000000000006248
00600001000000000000000194930000000000818180005000000000017182
00600001000000000000000194940000000001095040005000000000022996
00600001000000000000000194950000000000301650005000000000006335
00600001000000000000000194960000000000363640005000000000007636
00600001000000000000000194970000000000359500005000000000007550
00600001000000000000000194980000000000429750005000000000009025
00600001000000000000000194990000000000219010005000000000004599
00600001000000000000000195000000000000359500005000000000007550
00600001000000000000000195010000000000231400005000000000004860
00600001000000000000000195020000000000760330005000000000015967
00600001000000000000000195030000000000126450005000000000002655
00600001000000000000000195040000000000392560005000000000008244
00600001000000000000000195050000000000423140005000000000008886
00600001000000000000000195060000000000177690005000000000003731
00600001000000000000000195070000000000402480005000000000008452
00600001000000000000000195080000000000359500005000000000007550
00600001000000000000000195090000000001028930005000000000021607
00600001000000000000000195100000000000524790005000000000011021
00600001000000000000000195110000000000157020005000000000003298
00600001000000000000000195120000000000312400005000000000006560
00600001000000000000000195130000000000347110005000000000007289
00600001000000000000000195140000000000555370005000000000011663
00600001000000000000000195150000000000487600005000000000010240
00600001000000000000000195160000000000377690005000000000007931
00600001000000000000000195170000000000240500005000000000005050
00600001000000000000000195180000000000217360005000000000004564
00600001000000000000000195190000000000128100005000000000002690
00600001000000000000000195200000000000318180005000000000006682
00600001000000000000000195210000000000090910005000000000001909
00600001000000000000000195220000000000243800005000000000005120
00600001000000000000000195230000000000268600005000000000005640
00600001000000000000000195240000000000479340005000000000010066
00600001000000000000000195250000000001545450005000000000032455
00600001000000000000000195260000000000202480005000000000004252
00600001000000000000000195270000000000177690005000000000003731
00600001000000000000000195280000000000165290005000000000003471
00600001000000000000000195290000000000698350005000000000014665
00600001000000000000000195300000000000078510005000000000001649
00600001000000000000000195310000000000512400005000000000010760
00600001000000000000000195320000000000537190005000000000011281
00600001000000000000000195330000000000738020005000000000015498
00600001000000000000000195340000000000609920005000000000012808
00600001000000000000000195350000000000490910005000000000010309
00600001000000000000000195360000000000177690005000000000003731
00100001000000000000000009580000000001557850005000000000032715
00600001000000000000000195370000000000177690005000000000003731
00600001000000000000000195380000000000049590005000000000001041
00600001000000000000000195390000000000954550005000000000020045
00600001000000000000000195400000000000371900005000000000007810
00600001000000000000000195410000000001512400005000000000031760
00600001000000000000000195420000000000173550005000000000003645
00600001000000000000000195430000000000049590005000000000001041
00600001000000000000000195440000000000371900005000000000007810
00600001000000000000000195450000000000227270005000000000004773
00600001000000000000000195460000000000797520005000000000016748
00600001000000000000000195470000000000615700005000000000012930
00600001000000000000000195480000000000276860005000000000005814
00600001000000000000000195490000000000239670005000000000005033
00600001000000000000000195500000000000421490005000000000008851

