00100001000000000000000011690000000005425620005000000000113938
00100001000000000000000011700000000002735540005000000000057446
00100001000000000000000011710000000000446280005000000000009372
00100001000000000000000011720000000000272730005000000000005727
00100001000000000000000011730000000000771900005000000000016210
00100001000000000000000011740000000000516530005000000000010847
00100001000000000000000011750000000000000830005000000000000017
00100001000000000000000011760000000000673550005000000000014145
00100001000000000000000011770000000000012400005000000000000260
00100001000000000000000011780000000000367770005000000000007723
00100001000000000000000011790000000001289260005000000000027074
00100001000000000000000011800000000000289260005000000000006074
00100001000000000000000011810000000000800000005000000000016800
00100001000000000000000011820000000000247930005000000000005207
00100001000000000000000011830000000000000830005000000000000017
00100001000000000000000011840000000000950410005000000000019959
00100001000000000000000011850000000003304130005000000000069387
00100001000000000000000011860000000001243800005000000000026120
00100001000000000000000011870000000000392560005000000000008244
00100001000000000000000011880000000000537190005000000000011281
00100001000000000000000011890000000000297520005000000000006248
00100001000000000000000011900000000000392560005000000000008244
00100001000000000000000011910000000000728930005000000000015307
00100001000000000000000011920000000000475210005000000000009979
00100001000000000000000011930000000001838840005000000000038616
00100001000000000000000011940000000000440500005000000000009250
00600001000000000000000137010000000000880170005000000000018483
00600001000000000000000137020000000000198350005000000000004165
00600001000000000000000137030000000000000830005000000000000017
00300001000000000000000000200000000000012400005000000000000260
00600001000000000000000241360000000000471070005000000000009893
00600001000000000000000241370000000001095040005000000000022996
00600001000000000000000241380000000000702480005000000000014752
00600001000000000000000241390000000002719010005000000000057099
00600001000000000000000241400000000000491740005000000000010326
00600001000000000000000241410000000000486780005000000000010222
00600001000000000000000241420000000000000830005000000000000017
00600001000000000000000241430000000001236360005000000000025964
00600001000000000000000241440000000001520660005000000000031934
00600001000000000000000241450000000000260330005000000000005467
00600001000000000000000241460000000000161160005000000000003384
00600001000000000000000241470000000000111570005000000000002343
00600001000000000000000241480000000000735540005000000000015446
00600001000000000000000241490000000000929750005000000000019525
00600001000000000000000241500000000000247930005000000000005207
00600001000000000000000241510000000000512400005000000000010760
00600001000000000000000241520000000000289260005000000000006074
00600001000000000000000241530000000000475210005000000000009979
00600001000000000000000241540000000000165290005000000000003471
00600001000000000000000241550000000000206610005000000000004339
00600001000000000000000241560000000000190080005000000000003992
00600001000000000000000241570000000000380170005000000000007983
00600001000000000000000241580000000001004130005000000000021087
00600001000000000000000241590000000000801650005000000000016835
00600001000000000000000241600000000000247930005000000000005207
00600001000000000000000241610000000000619830005000000000013017
00600001000000000000000241620000000000163640005000000000003436
00600001000000000000000241640000000000636360005000000000013364
00600001000000000000000241650000000000690080005000000000014492
00600001000000000000000241660000000000746280005000000000015672
00600001000000000000000241670000000000500000005000000000010500
00600001000000000000000241680000000000530580005000000000011142
00600001000000000000000241690000000000230580005000000000004842
00600001000000000000000241700000000000438020005000000000009198
00600001000000000000000241710000000000657020005000000000013798
00600001000000000000000241720000000000392560005000000000008244
00600001000000000000000241730000000000161160005000000000003384
00600001000000000000000241740000000000818180005000000000017182
00600001000000000000000241750000000000328930005000000000006907
00600001000000000000000241760000000000497520005000000000010448
00600001000000000000000241770000000000283470005000000000005953
00600001000000000000000241780000000000214050005000000000004495
00600001000000000000000241790000000000942150005000000000019785
00600001000000000000000241800000000001185950005000000000024905
00600001000000000000000241810000000000371900005000000000007810
00600001000000000000000241820000000000202480005000000000004252
00600001000000000000000241830000000000258680005000000000005432
00600001000000000000000241840000000001101650005000000000023135
00600001000000000000000241850000000000157020005000000000003298
00600001000000000000000241870000000000037190005000000000000781
00600001000000000000000241880000000000272730005000000000005727
00600001000000000000000241890000000000698350005000000000014665
00600001000000000000000241900000000000355370005000000000007463
00600001000000000000000241910000000000485950005000000000010205
00600001000000000000000241920000000000287600005000000000006040
00600001000000000000000241930000000000198350005000000000004165
00600001000000000000000241940000000000376030005000000000007897
00600001000000000000000241950000000000297520005000000000006248
00600001000000000000000241960000000000227270005000000000004773
00600001000000000000000241970000000000206610005000000000004339
00600001000000000000000241980000000000731400005000000000015360
00600001000000000000000241990000000000818180005000000000017182
00600001000000000000000242000000000000557850005000000000011715
00600001000000000000000242010000000000061980005000000000001302
00600001000000000000000242020000000000396690005000000000008331
00600001000000000000000242030000000000667770005000000000014023
00600001000000000000000242040000000001239670005000000000026033
00600001000000000000000242050000000000333060005000000000006994
00600001000000000000000242060000000000334710005000000000007029
00600001000000000000000242070000000000144630005000000000003037
00600001000000000000000242090000000000239670005000000000005033
00600001000000000000000242100000000001628100005000000000034190
00600001000000000000000242110000000001289260005000000000027074
00600001000000000000000242120000000000095040005000000000001996
00600001000000000000000242130000000001458680005000000000030632
00600001000000000000000242140000000000471070005000000000009893
00600001000000000000000242150000000000404960005000000000008504
00600001000000000000000242170000000000942150005000000000019785
00600001000000000000000242180000000000097520005000000000002048
00600001000000000000000242190000000002272730005000000000047727
00600001000000000000000242200000000000582640005000000000012236
00600001000000000000000242210000000000380170005000000000007983
00600001000000000000000242220000000000623970005000000000013103
00600001000000000000000242230000000000243800005000000000005120
00600001000000000000000242250000000000326450005000000000006855
00600001000000000000000242260000000002024790005000000000042521
00600001000000000000000242270000000000322310005000000000006769
00600001000000000000000242280000000000433880005000000000009112
00600001000000000000000242290000000000342980005000000000007202
00600001000000000000000242300000000000326450005000000000006855
00600001000000000000000242310000000000537190005000000000011281
00600001000000000000000242320000000000676860005000000000014214
00600001000000000000000242330000000000995870005000000000020913
00600001000000000000000242340000000001280990005000000000026901
00600001000000000000000242350000000000574380005000000000012062
00600001000000000000000242360000000000144630005000000000003037
00600001000000000000000242370000000000833060005000000000017494
00600001000000000000000242380000000000521490005000000000010951
00600001000000000000000242390000000000524790005000000000011021
00600001000000000000000242400000000000561980005000000000011802
00600001000000000000000242410000000000853720005000000000017928
00600001000000000000000242420000000000231400005000000000004860
00600001000000000000000242430000000000657020005000000000013798
00600001000000000000000242440000000001429750005000000000030025
00600001000000000000000242450000000000684300005000000000014370
00600001000000000000000242460000000000309920005000000000006508
00600001000000000000000242470000000000462810005000000000009719
00600001000000000000000242480000000000818180005000000000017182
00600001000000000000000242490000000000123970005000000000002603
00600001000000000000000242500000000001040500005000000000021850
00600001000000000000000242510000000000000830005000000000000017
00600001000000000000000242520000000000210740005000000000004426
00600001000000000000000242530000000000219010005000000000004599
00600001000000000000000242540000000000276860005000000000005814
00600001000000000000000242550000000000272730005000000000005727
00600001000000000000000242560000000000223970005000000000004703
00600001000000000000000242570000000000574380005000000000012062
00600001000000000000000242580000000000289260005000000000006074
00600001000000000000000242590000000000246280005000000000005172
00600001000000000000000242600000000002024790005000000000042521
00600001000000000000000242610000000001028930005000000000021607
00600001000000000000000242620000000000132230005000000000002777
00600001000000000000000242630000000000388430005000000000008157
00600001000000000000000242640000000000851240005000000000017876
00600001000000000000000242650000000000227270005000000000004773
00600001000000000000000242660000000000049590005000000000001041
00600001000000000000000242670000000000295870005000000000006213
00600001000000000000000242680000000000785120005000000000016488
00600001000000000000000242690000000000123970005000000000002603
00600001000000000000000242700000000000797520005000000000016748
00600001000000000000000242710000000000202480005000000000004252
00600001000000000000000242720000000000161160005000000000003384
00600001000000000000000242730000000000070250005000000000001475
00600001000000000000000242740000000000735540005000000000015446
00600001000000000000000242750000000001376030005000000000028897
00600001000000000000000242760000000000880170005000000000018483
00600001000000000000000242770000000000929750005000000000019525
00600001000000000000000242780000000000326450005000000000006855
00600001000000000000000242790000000000115700005000000000002430
00600001000000000000000242800000000000367770005000000000007723
00600001000000000000000242810000000001053720005000000000022128
00600001000000000000000242820000000000900830005000000000018917
00600001000000000000000242830000000000326450005000000000006855
00600001000000000000000242840000000001942150005000000000040785
00600001000000000000000242850000000000318180005000000000006682
00600001000000000000000242860000000000855370005000000000017963
00600001000000000000000242870000000000231400005000000000004860
00600001000000000000000242880000000000977690005000000000020531
00600001000000000000000242890000000000471070005000000000009893
00600001000000000000000242900000000000367770005000000000007723
00600001000000000000000242910000000000177690005000000000003731
00600001000000000000000242920000000000822310005000000000017269
00600001000000000000000242930000000000404960005000000000008504
00600001000000000000000242940000000000367770005000000000007723
00600001000000000000000242950000000001351240005000000000028376
00600001000000000000000242960000000000552890005000000000011611
00600001000000000000000242970000000000853720005000000000017928
00600001000000000000000242980000000000409090005000000000008591
00600001000000000000000242990000000000475210005000000000009979
00600001000000000000000243000000000000392560005000000000008244
00600001000000000000000243010000000000958680005000000000020132
00600001000000000000000243020000000000388430005000000000008157
00600001000000000000000243030000000000533060005000000000011194
00600001000000000000000243040000000000231400005000000000004860
00600001000000000000000243050000000000386780005000000000008122
00600001000000000000000243060000000000363640005000000000007636
00600001000000000000000243070000000000227270005000000000004773
00600001000000000000000243080000000000243800005000000000005120
00600001000000000000000243090000000000632230005000000000013277
00600001000000000000000243100000000000438020005000000000009198
00600001000000000000000243110000000000425620005000000000008938
00600001000000000000000243120000000000123970005000000000002603
00600001000000000000000243130000000000705790005000000000014821
00600001000000000000000243140000000000161160005000000000003384
00600001000000000000000243150000000000318180005000000000006682
00600001000000000000000243160000000000479340005000000000010066
00600001000000000000000243170000000000119830005000000000002517
00600001000000000000000243180000000000603310005000000000012669
00600001000000000000000243190000000000483470005000000000010153
00600001000000000000000243200000000000272730005000000000005727
00600001000000000000000243210000000000752070005000000000015793
00600001000000000000000243220000000001037190005000000000021781
00600001000000000000000243230000000000268600005000000000005640
00600001000000000000000243240000000000950410005000000000019959
00600001000000000000000243250000000000359500005000000000007550
00600001000000000000000243260000000000500000005000000000010500
00600001000000000000000243270000000000809090005000000000016991
00600001000000000000000243280000000000826450005000000000017355
00600001000000000000000243290000000000309920005000000000006508
00600001000000000000000243300000000000132230005000000000002777
00600001000000000000000243310000000000070250005000000000001475
00600001000000000000000243320000000000070250005000000000001475
00600001000000000000000243330000000001946280005000000000040872
00600001000000000000000243340000000002847930005000000000059807
00600001000000000000000243350000000000794210005000000000016679
00600001000000000000000243360000000000309920005000000000006508
00600001000000000000000243370000000000314050005000000000006595
00600001000000000000000243380000000000363640005000000000007636
00600001000000000000000243390000000000987600005000000000020740
00600001000000000000000243400000000000318180005000000000006682
00600001000000000000000243410000000001123970005000000000023603
00600001000000000000000243420000000000888430005000000000018657
00600001000000000000000243430000000000177690005000000000003731
00600001000000000000000243440000000000328930005000000000006907
00600001000000000000000243450000000000440500005000000000009250
00600001000000000000000243460000000000194210005000000000004079
00600001000000000000000243470000000000392560005000000000008244
00600001000000000000000243480000000001580990005000000000033201
00600001000000000000000243490000000000487600005000000000010240
00600001000000000000000243500000000001150410005000000000024159
00600001000000000000000243510000000000429750005000000000009025
00600001000000000000000243520000000001074380005000000000022562
00600001000000000000000243530000000000347110005000000000007289
00600001000000000000000243540000000000549590005000000000011541
00600001000000000000000243550000000000227270005000000000004773
00600001000000000000000243560000000000123970005000000000002603
00600001000000000000000243570000000001136360005000000000023864
00600001000000000000000243580000000000576860005000000000012114
00600001000000000000000243590000000000545450005000000000011455
00600001000000000000000243600000000000323970005000000000006803
00600001000000000000000243610000000003027270005000000000063573
00600001000000000000000243620000000000355370005000000000007463
00600001000000000000000243630000000000289260005000000000006074
00600001000000000000000243640000000000246280005000000000005172
00600001000000000000000243650000000000971070005000000000020393
00600001000000000000000243660000000000086780005000000000001822
00600001000000000000000243670000000000246280005000000000005172
00600001000000000000000243680000000000326450005000000000006855
00600001000000000000000243690000000000334710005000000000007029
00600001000000000000000243700000000001942150005000000000040785
00600001000000000000000243710000000001219010005000000000025599
00600001000000000000000243720000000000429750005000000000009025
00600001000000000000000243730000000000309920005000000000006508
00600001000000000000000243740000000002413220005000000000050678
00600001000000000000000243750000000000421490005000000000008851
00600001000000000000000243760000000001136360005000000000023864
00600001000000000000000243770000000000454550005000000000009545
00600001000000000000000243780000000000866120005000000000018188
00600001000000000000000243790000000000921490005000000000019351
00600001000000000000000243800000000000520660005000000000010934
00600001000000000000000243810000000000396690005000000000008331
00600001000000000000000243820000000000640500005000000000013450
00600001000000000000000243830000000000287600005000000000006040
00600001000000000000000243840000000000190080005000000000003992
00600001000000000000000243850000000000367770005000000000007723
00600001000000000000000243860000000001362810005000000000028619
00600001000000000000000243870000000000247930005000000000005207
00600001000000000000000243880000000001261980005000000000026502
00600001000000000000000243890000000000247930005000000000005207
00600001000000000000000243900000000000659500005000000000013850
00600001000000000000000243910000000000140500005000000000002950
00600001000000000000000243920000000000475210005000000000009979
00600001000000000000000243930000000000330580005000000000006942
00600001000000000000000243940000000000194210005000000000004079
00600001000000000000000243950000000000264460005000000000005554
00600001000000000000000243960000000001031400005000000000021660
00600001000000000000000243970000000000165290005000000000003471
00600001000000000000000243980000000000677690005000000000014231
00600001000000000000000243990000000000780990005000000000016401
00600001000000000000000244000000000000252070005000000000005293
00600001000000000000000244010000000000392560005000000000008244
00600001000000000000000244020000000000330580005000000000006942
00600001000000000000000244030000000001053720005000000000022128
00600001000000000000000244040000000000157020005000000000003298
00600001000000000000000244050000000000272730005000000000005727
00600001000000000000000244060000000000206610005000000000004339
00600001000000000000000244070000000000454550005000000000009545
00600001000000000000000244080000000000272730005000000000005727
00600001000000000000000244090000000000842980005000000000017702
00600001000000000000000244100000000000396690005000000000008331
00600001000000000000000244110000000000352890005000000000007411
00600001000000000000000244120000000000404960005000000000008504
00600001000000000000000244130000000001632230005000000000034277
00600001000000000000000244140000000001136360005000000000023864
00600001000000000000000244150000000000545450005000000000011455
00600001000000000000000244160000000000285120005000000000005988
00600001000000000000000244170000000000404960005000000000008504
00600001000000000000000244180000000000330580005000000000006942
00600001000000000000000244190000000000173550005000000000003645
00600001000000000000000244200000000000280990005000000000005901
00600001000000000000000244210000000000198350005000000000004165
00600001000000000000000244220000000001322310005000000000027769
00600001000000000000000244230000000001280990005000000000026901
00600001000000000000000244240000000000987600005000000000020740
00600001000000000000000244250000000000601650005000000000012635
00600001000000000000000244260000000000132230005000000000002777
00600001000000000000000244270000000000144630005000000000003037
00600001000000000000000244280000000000607440005000000000012756
00600001000000000000000244290000000000074380005000000000001562
00600001000000000000000244300000000000388430005000000000008157
00600001000000000000000244310000000000644630005000000000013537
00600001000000000000000244320000000000227270005000000000004773
00600001000000000000000244330000000000681820005000000000014318
00600001000000000000000244340000000000206610005000000000004339
00600001000000000000000244350000000000318180005000000000006682
00600001000000000000000244360000000000537190005000000000011281
00600001000000000000000244370000000000144630005000000000003037
00600001000000000000000244380000000000289260005000000000006074
00600001000000000000000244390000000000490080005000000000010292
00600001000000000000000244400000000000243800005000000000005120
00600001000000000000000244410000000000386780005000000000008122
00600001000000000000000244420000000000611570005000000000012843
00600001000000000000000244430000000000690080005000000000014492
00600001000000000000000244440000000000771070005000000000016193
00600001000000000000000244450000000000516530005000000000010847
00600001000000000000000244460000000000396690005000000000008331
00600001000000000000000244470000000000246280005000000000005172
00600001000000000000000244480000000000451240005000000000009476
00600001000000000000000244490000000000070250005000000000001475
00600001000000000000000244500000000000148760005000000000003124
00600001000000000000000244510000000001020660005000000000021434
00600001000000000000000244520000000000676030005000000000014197
00600001000000000000000244530000000000454550005000000000009545
00600001000000000000000244540000000000549590005000000000011541
00600001000000000000000244550000000001991740005000000000041826
00600001000000000000000244560000000000206610005000000000004339
00600001000000000000000244570000000000380170005000000000007983
00600001000000000000000244580000000000289260005000000000006074
00600001000000000000000244590000000000227270005000000000004773
00600001000000000000000244600000000000289260005000000000006074
00600001000000000000000244610000000000289260005000000000006074
00600001000000000000000244620000000001180170005000000000024783
00600001000000000000000000340000000000950410005000000000019959
00600001000000000000000000350000000000392560005000000000008244
00600001000000000000000000360000000001991740005000000000041826
00800001000000000000000000730000000000000830005000000000000017

