001000010000000000000000242680000000000232477726690000000001057860005000000000022215
001000060000000000000002115480000000000307107198680000000000482840005000000000010140
001000060000000000000001862480000000000307107198680000000000217340005000000000004564
001000140000000000000000111280000000000307089261550000000003818720005000000000080193
001000080000000000000010116280000000000305457267220000000002132870006000000000057587
001000010000000000002016051380000000000306394539750000000000818170006000000000022091
001000130000000000000000002780000000000337114807790000000005727000005000000000120267
001000210000000000000001121480000000000307074546400000000000304130005000000000006387
001000030000000000000000328880000000000307111908950000000000360000005000000000007560
001000050000000000000001021080000000000307117783020000000006550000005000000000137550
001000040000000000000000130280000000000201267151110000000000293770005000000000006169
001000030000000000000001349380000000000305874794070000000009197000005000000000193137
001000030000000000000000034380000000000202225521340000000003719010005000000000078099
001000140000000000000000175380000000000307089261550000000002183430005000000000045852
001000520000000000000003890880000000000305832102760000000011081270005000000000232707
001000010000000000000000002080000000000307146706180000000022000000005000000000462000
001002360000000000000001754580000000000335044871190000000000509830005000000000010706
001000210000000000000001150380000000000307074546400000000000120660005000000000002534
001025830000000000000000426680000000000305067300380000000000218600005000000000004591
001000020000000000000000035580000000000202225517740000000000570000005000000000011970
001000060000000000000001675980000000000306055946340000000021361720005000000000448596
001000020000000000000000340180000000000306624441500000000025704000005000000000539784
001002210000000000000000020380000000000306972992260000000013447870005000000000282405

