001000080000000000000007594980000000000305457267220000000001809100006000000000048846
001000030000000000000000027080000000000202225521340000000003719010005000000000078099
001000040000000000000012548380000000000307089261550000000001841890005000000000038680
001000050000000000000000222880000000000307073096590000000011656500005000000000244787
001000030000000000000000016680000000000231618121290000000001043120005000000000021906
001000030000000000000000014380000000000307085254360000000026184700005000000000549879
001000030000000000000000283980000000000307111908950000000000250000005000000000005250
001000030000000000000003554080000000000307082734530000000002870500005000000000060280
001000010000000000000000001480000000000307146706180000000022000000005000000000462000
001000040000000000000811873280000000000306578644270000000000085870006000000000002318
001000010000000000002015111380000000000306394539750000000000691950006000000000018683
001000010000000000000000948280000000000307095453250000000009322600005000000000195775
001000240000000000000000139780000000000306702886130000000000657210005000000000013801
001000210000000000000000855380000000000307074546400000000000304960005000000000006404
001000010000000000000000224680000000000232477726690000000001031400005000000000021659
001000040000000000000012610180000000000307089261550000000006573260005000000000138038
001000040000000000000000073580000000000201267151110000000000284380005000000000005972
001000040000000000000000073480000000000201267151110000000000120000005000000000002520
001000060000000000000000053580000000000201652473890000000001619840005000000000034017
001000130000000000000000009180000000000307143702230000000004892800005000000000102749
001025060000000000000000393780000000000305067300380000000000241360005000000000005069
001000050000000000000000921180000000000307117783020000000013256000005000000000278376
001000240000000000000000151580000000000306702886130000000000321540005000000000006752
001002370000000000000001107480000000000335044871190000000000778930005000000000016358

