001000010000000000002015021380000000000306394539750000000000638700005000000000013413
001000080000000000000004232480000000000305457267220000000001586310005000000000033312
001000030000000000000000013680000000000202225521340000000002975210005000000000062479
001000070000000000000000001980000000000307143702230000000002157300005000000000045303
001000030000000000000002831280000000000307082734530000000006501400005000000000136529
001000020000000000000000179880000000000307116964460000000000057850005000000000001215
001000010000000000000000000580000000000307146706180000000022000000005000000000462000
001000010000000000000000194680000000000307111908950000000000250000005000000000005250
001000030000000000000002839780000000000307082734530000000000997500005000000000020948
001000010000000000000000855280000000000202225517740000000000450000005000000000009450
001000010000000000000000467380000000000271375397000000000012880000005000000000270480
001000020000000000000000170180000000000201163411670000000010991730005000000000230826
001000150000000000000000425080000000000306159020940000000000813160005000000000017076
001000010000000000000002202980000000000306118004080000000004193970005000000000088073
001000040000000000000011874680000000000307089261550000000003683590005000000000077355
001000010000000000000000179380000000000232477726690000000004710750005000000000098926
001000010000000000000000179680000000000232477726690000000003285130005000000000068988
001000020000000000000000589980000000000201267151110000000000205280005000000000004311
001000010000000000000000021280000000000201080414800000000001744000005000000000036624
001000060000000000000003286880000000000200550053390000000000123970005000000000002603
001000120000000000000000702380000000000306702886130000000000323070005000000000006784
011000010000000000000000008780000000000271655750890000000008842980005000000000185702
001000030000000000000000069480000000000307113079110000000003522640005000000000073975
011000010000000000000000099680000000000201139957430000000008173550005000000000171645
001000020000000000000002607780000000000307102893750000000005095640005000000000107008
001000210000000000000000463580000000000307074546400000000000205370005000000000004313
001000010000000000000000843080000000000337120556990000000001526720005000000000032061
001000030000000000000000729080000000000337120556990000000008729730005000000000183324
001000040000000000000011892880000000000307089261550000000003652710005000000000076707
