00600001000000000000000136800000000000000830005000000000000017
00600001000000000000000136810000000003966940005000000000083306
00600001000000000000000181960000000000875210005000000000018379
00600001000000000000000181970000000000809920005000000000017008
00600001000000000000000181980000000000329750005000000000006925
00600001000000000000000181990000000000152890005000000000003211
00600001000000000000000182000000000000475210005000000000009979
00600001000000000000000182010000000000247930005000000000005207
00600001000000000000000182020000000000268600005000000000005640
00600001000000000000000182030000000000256200005000000000005380
00600001000000000000000182040000000000289260005000000000006074
00600001000000000000000182050000000000056200005000000000001180
00600001000000000000000182060000000000314880005000000000006612
00600001000000000000000182070000000000103310005000000000002169
00600001000000000000000182080000000000216530005000000000004547
00600001000000000000000182090000000000317360005000000000006664
00600001000000000000000182100000000000450410005000000000009459
00600001000000000000000182110000000000243800005000000000005120
00600001000000000000000182120000000000161160005000000000003384
00600001000000000000000182130000000000070250005000000000001475
00600001000000000000000182140000000001136360005000000000023864
00600001000000000000000182150000000000260330005000000000005467
00600001000000000000000182160000000000231400005000000000004860
00600001000000000000000182170000000000095040005000000000001996
00600001000000000000000182180000000000148760005000000000003124
00600001000000000000000182190000000000171070005000000000003593
00600001000000000000000182200000000000099170005000000000002083
00600001000000000000000182210000000000227270005000000000004773
00600001000000000000000182220000000000185950005000000000003905
00600001000000000000000182230000000000157020005000000000003298
00600001000000000000000182240000000001140500005000000000023950
00600001000000000000000182250000000000279340005000000000005866
00600001000000000000000182260000000000173550005000000000003645
00600001000000000000000182270000000000161160005000000000003384
00600001000000000000000182280000000000235540005000000000004946
00600001000000000000000182290000000000144630005000000000003037
00600001000000000000000182300000000000140500005000000000002950
00600001000000000000000182310000000000256200005000000000005380
00600001000000000000000182320000000000148760005000000000003124
00600001000000000000000182330000000001095870005000000000023013
00600001000000000000000182340000000000247930005000000000005207
00600001000000000000000182350000000000454550005000000000009545
00600001000000000000000182360000000000107440005000000000002256
00600001000000000000000182370000000001190080005000000000024992
00600001000000000000000182380000000001504130005000000000031587
00600001000000000000000182390000000000177690005000000000003731
00600001000000000000000182400000000000123970005000000000002603
00600001000000000000000182410000000000103310005000000000002169
00600001000000000000000182420000000000409090005000000000008591
00600001000000000000000182430000000000115700005000000000002430
00600001000000000000000182440000000000099170005000000000002083
00600001000000000000000182450000000000080990005000000000001701
00600001000000000000000182460000000000599170005000000000012583
00600001000000000000000182470000000000942150005000000000019785
00600001000000000000000182480000000000592560005000000000012444
00600001000000000000000182490000000000194210005000000000004079
00600001000000000000000182500000000000495870005000000000010413
00600001000000000000000182510000000000446280005000000000009372
00600001000000000000000182520000000000314050005000000000006595
00600001000000000000000182530000000000422310005000000000008869
00600001000000000000000182540000000000185950005000000000003905
00600001000000000000000182550000000000103310005000000000002169
00600001000000000000000182560000000000089260005000000000001874
00600001000000000000000182570000000000089260005000000000001874
00600001000000000000000182580000000000809920005000000000017008
00600001000000000000000182590000000000272730005000000000005727
00600001000000000000000182600000000000247930005000000000005207
00600001000000000000000182610000000007821490005000000000164251
00600001000000000000000182620000000000177690005000000000003731
00600001000000000000000182630000000000177690005000000000003731
00600001000000000000000182640000000000295870005000000000006213
00600001000000000000000182650000000000214880005000000000004512
00600001000000000000000182660000000000190080005000000000003992
00600001000000000000000182670000000000123970005000000000002603
00600001000000000000000182680000000002214050005000000000046495
00600001000000000000000182690000000000028930005000000000000607
00600001000000000000000182700000000000268600005000000000005640
00600001000000000000000182710000000000322310005000000000006769
00600001000000000000000182720000000000500000005000000000010500
00600001000000000000000182730000000000305790005000000000006421
00600001000000000000000182740000000000371900005000000000007810
00600001000000000000000182750000000000272730005000000000005727
00600001000000000000000182760000000000384300005000000000008070
00600001000000000000000182770000000003107440005000000000065256
00600001000000000000000182780000000000545450005000000000011455
00600001000000000000000182790000000000095040005000000000001996
00600001000000000000000182800000000000528930005000000000011107
00600001000000000000000182810000000000429750005000000000009025
00600001000000000000000182820000000000958680005000000000020132
00600001000000000000000182830000000000822310005000000000017269
00600001000000000000000182840000000000111570005000000000002343
00600001000000000000000182850000000000235540005000000000004946
00600001000000000000000182860000000000128930005000000000002707
00600001000000000000000182870000000000355370005000000000007463
00600001000000000000000182880000000000107440005000000000002256
00600001000000000000000182890000000000392560005000000000008244
00600001000000000000000182900000000001235540005000000000025946
00600001000000000000000182910000000000103310005000000000002169
00600001000000000000000182920000000002037190005000000000042781
00600001000000000000000182930000000000605790005000000000012721
00600001000000000000000182940000000000966940005000000000020306
00600001000000000000000182950000000000198350005000000000004165
00600001000000000000000182960000000000185950005000000000003905
00600001000000000000000182970000000000090910005000000000001909
00600001000000000000000182980000000000086780005000000000001822
00600001000000000000000182990000000000429750005000000000009025
00600001000000000000000183000000000000181820005000000000003818
00600001000000000000000183010000000000991740005000000000020826
00600001000000000000000183020000000000510740005000000000010726
00600001000000000000000183030000000000347930005000000000007307
00600001000000000000000183040000000000785120005000000000016488
00600001000000000000000183050000000001033060005000000000021694
00600001000000000000000183060000000003136360005000000000065864
00600001000000000000000183070000000000714880005000000000015012
00600001000000000000000183080000000000454550005000000000009545
00600001000000000000000183090000000000194210005000000000004079
00600001000000000000000183100000000000198350005000000000004165
00600001000000000000000183110000000000264460005000000000005554
00600001000000000000000183120000000004049590005000000000085041
00600001000000000000000183130000000000557850005000000000011715
00600001000000000000000183140000000000144630005000000000003037
00600001000000000000000183150000000000173550005000000000003645
00600001000000000000000183160000000000177690005000000000003731
00600001000000000000000183170000000000545450005000000000011455
00600001000000000000000183180000000000161160005000000000003384
00600001000000000000000183190000000000289260005000000000006074
00600001000000000000000183200000000000508260005000000000010674
00600001000000000000000183210000000000112400005000000000002360
00600001000000000000000183220000000000392560005000000000008244
00600001000000000000000183230000000000669420005000000000014058
00600001000000000000000183240000000000326450005000000000006855
00600001000000000000000183250000000000297520005000000000006248
00600001000000000000000183260000000000334710005000000000007029
00600001000000000000000183270000000000227270005000000000004773
00600001000000000000000183280000000000185950005000000000003905
00600001000000000000000183290000000000272730005000000000005727
00600001000000000000000183300000000000824790005000000000017321
00600001000000000000000183310000000000557850005000000000011715
00600001000000000000000183320000000000136360005000000000002864
00600001000000000000000183330000000000041320005000000000000868
00600001000000000000000183340000000000086780005000000000001822
00600001000000000000000183350000000000805790005000000000016921
00600001000000000000000183360000000000429750005000000000009025
00600001000000000000000183370000000000190080005000000000003992
00600001000000000000000183380000000000000830005000000000000017
00600001000000000000000183390000000000136360005000000000002864
00600001000000000000000183400000000000743800005000000000015620
00600001000000000000000183410000000000926450005000000000019455
00600001000000000000000183420000000000214880005000000000004512
00600001000000000000000183430000000000297520005000000000006248
00600001000000000000000183440000000001305790005000000000027421
00600001000000000000000183450000000000252070005000000000005293
00600001000000000000000183460000000001289260005000000000027074
00600001000000000000000183470000000000128100005000000000002690
00600001000000000000000183480000000000928100005000000000019490
00600001000000000000000183490000000000086780005000000000001822
00600001000000000000000183500000000000495870005000000000010413
00600001000000000000000183510000000000380170005000000000007983
00600001000000000000000183520000000000309920005000000000006508
00600001000000000000000183530000000000210740005000000000004426
00600001000000000000000183540000000001727270005000000000036273
00600001000000000000000183550000000000214880005000000000004512
00600001000000000000000183560000000000104960005000000000002204
00600001000000000000000183570000000000000830005000000000000017
00600001000000000000000183580000000000376030005000000000007897
00600001000000000000000183590000000000710740005000000000014926
00600001000000000000000183600000000000223140005000000000004686
00600001000000000000000183610000000000326450005000000000006855
00600001000000000000000183620000000000260330005000000000005467
00600001000000000000000183630000000000247930005000000000005207
00600001000000000000000183640000000000338840005000000000007116
00600001000000000000000183650000000000157020005000000000003298
00600001000000000000000183660000000000161160005000000000003384
00600001000000000000000183670000000000339670005000000000007133
00600001000000000000000183680000000000628100005000000000013190
00600001000000000000000183690000000000573550005000000000012045
00600001000000000000000183700000000000125620005000000000002638
00600001000000000000000183710000000000645450005000000000013555
00600001000000000000000183720000000000541320005000000000011368
00600001000000000000000183730000000000214880005000000000004512
00600001000000000000000183740000000000268600005000000000005640
00600001000000000000000183750000000000557850005000000000011715
00600001000000000000000183760000000000198350005000000000004165
00600001000000000000000183770000000000242980005000000000005102
00600001000000000000000183780000000000157020005000000000003298
00600001000000000000000183790000000000161160005000000000003384
00600001000000000000000183800000000000667770005000000000014023
00600001000000000000000183810000000000954550005000000000020045
00600001000000000000000183820000000000227270005000000000004773
00600001000000000000000183830000000000272730005000000000005727
00600001000000000000000183840000000000236360005000000000004964
00600001000000000000000183850000000000128100005000000000002690
00600001000000000000000183860000000000619830005000000000013017
00600001000000000000000183870000000000491740005000000000010326
00600001000000000000000183880000000001417360005000000000029764
00600001000000000000000183890000000000652890005000000000013711
00600001000000000000000183900000000000252070005000000000005293
00600001000000000000000183910000000000312400005000000000006560
00600001000000000000000183920000000000214880005000000000004512
00600001000000000000000183930000000000280990005000000000005901
00600001000000000000000183940000000000376030005000000000007897
00600001000000000000000183950000000000095040005000000000001996
00600001000000000000000183960000000000489260005000000000010274
00600001000000000000000183970000000000107440005000000000002256
00600001000000000000000183980000000000285120005000000000005988
00600001000000000000000183990000000000392560005000000000008244
00600001000000000000000184000000000000404960005000000000008504
00600001000000000000000184010000000000150410005000000000003159
00600001000000000000000184020000000000636360005000000000013364
00600001000000000000000184030000000000698350005000000000014665
00600001000000000000000184040000000000376860005000000000007914
00600001000000000000000184050000000000280990005000000000005901
00600001000000000000000184060000000001235540005000000000025946
00600001000000000000000184070000000000757020005000000000015898
00600001000000000000000184080000000000082640005000000000001736
00600001000000000000000184090000000000138840005000000000002916
00600001000000000000000184100000000000085950005000000000001805
00600001000000000000000184110000000000053720005000000000001128
00600001000000000000000184120000000000310740005000000000006526
00600001000000000000000184130000000000776860005000000000016314
00600001000000000000000184150000000002272730005000000000047727
00600001000000000000000184160000000000761980005000000000016002
00600001000000000000000184170000000000227270005000000000004773
00600001000000000000000184180000000001681820005000000000035318
00600001000000000000000184210000000001561980005000000000032802
00600001000000000000000184220000000001869420005000000000039258
00600001000000000000000184230000000000599170005000000000012583
00600001000000000000000184240000000001623140005000000000034086
00600001000000000000000184250000000000086780005000000000001822
00600001000000000000000184260000000000690080005000000000014492
00600001000000000000000184270000000000471070005000000000009893
00600001000000000000000184280000000000586780005000000000012322
00600001000000000000000184290000000000962810005000000000020219
00600001000000000000000184300000000000190080005000000000003992
00600001000000000000000184310000000000468600005000000000009840
00600001000000000000000184320000000000198350005000000000004165
00600001000000000000000184330000000000322310005000000000006769
00600001000000000000000184340000000000425620005000000000008938
00600001000000000000000184350000000000161160005000000000003384
00600001000000000000000184360000000000235540005000000000004946
00600001000000000000000184370000000001035540005000000000021746
00600001000000000000000184380000000000371900005000000000007810
00600001000000000000000184390000000000322310005000000000006769
00600001000000000000000184400000000000301650005000000000006335
00600001000000000000000184410000000001527270005000000000032073
00600001000000000000000184420000000000123970005000000000002603
00600001000000000000000184430000000000247930005000000000005207
00600001000000000000000184440000000000119830005000000000002517
00600001000000000000000184450000000000273550005000000000005745
00600001000000000000000184460000000000585120005000000000012288
00600001000000000000000184470000000000239670005000000000005033
00600001000000000000000184480000000001747930005000000000036707
00600001000000000000000184490000000000644630005000000000013537
00600001000000000000000184500000000000487600005000000000010240
00600001000000000000000184510000000000168600005000000000003540
00600001000000000000000184520000000000380170005000000000007983
00600001000000000000000184530000000000450410005000000000009459
00600001000000000000000184540000000000134710005000000000002829
00600001000000000000000184550000000005289260005000000000111074
00600001000000000000000184560000000000594210005000000000012479
00600001000000000000000184570000000000677690005000000000014231
00600001000000000000000184580000000000537190005000000000011281
00600001000000000000000184590000000000367770005000000000007723
00600001000000000000000184600000000000326450005000000000006855
00600001000000000000000184610000000001462810005000000000030719
00600001000000000000000184620000000000314050005000000000006595
00600001000000000000000184630000000000041320005000000000000868
00600001000000000000000184640000000000199170005000000000004183
00600001000000000000000184650000000000289260005000000000006074
00600001000000000000000184660000000000398350005000000000008365
00600001000000000000000184670000000000388430005000000000008157
00600001000000000000000184680000000000152890005000000000003211
00600001000000000000000184690000000000785120005000000000016488
00600001000000000000000184700000000002540500005000000000053350
00600001000000000000000184710000000000214880005000000000004512
00600001000000000000000184720000000000342980005000000000007202
00600001000000000000000184730000000000111570005000000000002343
00600001000000000000000184740000000001053720005000000000022128
00600001000000000000000184750000000000062810005000000000001319
00600001000000000000000184760000000001198350005000000000025165
00600001000000000000000184770000000000317360005000000000006664
00600001000000000000000184780000000000533060005000000000011194
00600001000000000000000184790000000000140500005000000000002950
00600001000000000000000184800000000000604960005000000000012704
00600001000000000000000184810000000000177690005000000000003731
00600001000000000000000184820000000000322310005000000000006769
00600001000000000000000184830000000000118180005000000000002482
00600001000000000000000184840000000000276860005000000000005814
00600001000000000000000184850000000000538840005000000000011316
00600001000000000000000184860000000000413220005000000000008678
00600001000000000000000184870000000000814880005000000000017112
00600001000000000000000184880000000000268600005000000000005640
00600001000000000000000000240000000001937190005000000000040681
00100001000000000000000008970000000000847110005000000000017789
00100001000000000000000008980000000000388430005000000000008157
00100001000000000000000008990000000000991740005000000000020826
00100001000000000000000009000000000001720660005000000000036134
00100001000000000000000009010000000000392560005000000000008244
00100001000000000000000009020000000000000830005000000000000017
00100001000000000000000009030000000000078510005000000000001649
00100001000000000000000009040000000000165290005000000000003471
00100001000000000000000009050000000001092560005000000000022944
00100001000000000000000009060000000005578510005000000000117149
00100001000000000000000009070000000000144630005000000000003037
00100001000000000000000009080000000000289260005000000000006074
00100001000000000000000009090000000000140500005000000000002950
00100001000000000000000009100000000000756200005000000000015880

