001000080000000000000006693280000000000305457267220000000001953280005000000000041019
001000010000000000002015091380000000000306394539750000000000716030005000000000015037
001000020000000000000000523680000000000307104059280000000004663100005000000000097925
001000050000000000000000192480000000000307073096590000000010542550005000000000221394
001000050000000000000000189580000000000307073096590000000000003090005000000000000065
001000050000000000000000187980000000000307073096590000000002386800005000000000050123
001000050000000000000000187880000000000307073096590000000012796750005000000000268732
001000050000000000000000187780000000000307073096590000000013955300005000000000293061
001000020000000000000000036480000000000307095168640000000004617840005000000000096975
001000020000000000000000247780000000000307083247160000000005327560005000000000111879
001000010000000000000000215280000000000232477726690000000000818220005000000000017183
001000030000000000000000267080000000000307111908950000000000250000005000000000005250
001000040000000000000804934280000000000306578644270000000000152800005000000000003209
001000040000000000000012385380000000000307089261550000000007299930005000000000153299
001000010000000000000000277380000000000273422915170000000008724000005000000000183204
001000020000000000000001775780000000000335156418290000000007383960005000000000155063
001000030000000000000000024380000000000202225521340000000003719010005000000000078099
001025060000000000000880354380000000000305067300380000000000126160005000000000002649
001000240000000000000000105880000000000306702886130000000000195300005000000000004101
001000010000000000000000594080000000000231481844290000000005844000005000000000122724
001000030000000000000001222080000000000305874794070000000010303200005000000000216367
001000210000000000000000761780000000000307074546400000000000398760005000000000008374
001000070000000000000001374680000000000307109200670000000033472000005000000000702912
001000010000000000000000001280000000000307146706180000000022000000005000000000462000
001000040000000000000012447680000000000307089261550000000011038670005000000000231812
001000050000000000000000872880000000000307117783020000000009328800005000000000195905
001000030000000000000000631380000000000307109418540000000013628000005000000000286188
001000260000000000000015633180000000000337072598390000000001851040005000000000038872
001000260000000000000015633280000000000337072598390000000000739040005000000000015520
001000260000000000000015633380000000000337072598390000000000607360005000000000012755
001000260000000000000015606980000000000337072598390000000000925760005000000000019441
001000260000000000000015607180000000000337072598390000000001567840005000000000032925
001000260000000000000015607280000000000337072598390000000001527240005000000000032072
001000260000000000000015609480000000000337072598390000000001139100005000000000023921
001000050000000000000000881380000000000307117783020000000004152000005000000000087192
001000030000000000000000172980000000000307070224650000000002120300005000000000044526
001000030000000000000000172880000000000307070224650000000010134810005000000000212831
001000980000000000000000809180000000000307090071610000000011391580005000000000239223
001000010000000000000000468080000000000307093875840000000006067000005000000000127407
001000010000000000000000468180000000000307093875840000000002654000005000000000055734
001000030000000000000000998380000000000307102150960000000006106000005000000000128226
001000020000000000000000066080000000000201619748470000000001981780005000000000041617
001000040000000000000000411880000000000307075979560000000007708320005000000000161875
001000040000000000000000411980000000000307075979560000000010893600005000000000228766
001000040000000000000000412080000000000307075979560000000001639400005000000000034427
001000040000000000000000412180000000000307075979560000000006556000005000000000137676
011000010000000000000000001080000000000272460072710000000028512400005000000000598760
001000030000000000000002113080000000000307081386450000000039103100005000000000821165
001000040000000000000000058980000000000201267151110000000000521310005000000000010948
001000040000000000000000001580000000000271428272850000000000280990005000000000005901
001000020000000000000000532480000000000307104059280000000007205300005000000000151311
001000040000000000000012486380000000000307089261550000000012674350005000000000266161
