001000140000000000000000194280000000000307089261550000000002866490005000000000060196
001000080000000000000010948980000000000305457267220000000002606030006000000000070363
001000010000000000002016061380000000000306394539750000000000823230006000000000022227
001000020000000000000000149380000000000307095168640000000005111100005000000000107333
001010010000000000000000018380000000000271375397000000000042410000005000000000890610
001000240000000000000000333080000000000306702886130000000001009070005000000000021190
001000040000000000000000139480000000000201267151110000000000046590005000000000000978
001000140000000000000000253180000000000307089261550000000006358640005000000000133531
001000030000000000000000071280000000000306118004080000000029653000005000000000622713
001000010000000000000000002180000000000307146706180000000022000000005000000000462000
001000030000000000000000336280000000000307111908950000000000360000005000000000007560
001000060000000000000000074880000000000307091701270000000004877100005000000000102419
001000040000000000000000109380000000000201295230940000000012065290005000000000253371
001000030000000000000000031080000000000307085254360000000017914800005000000000376211
001000030000000000000000035680000000000202225521340000000004380170005000000000091984
001000130000000000000000021680000000000307143702230000000004388640005000000000092161
001000030000000000000001167180000000000307102150960000000009500400005000000000199508

