001001770000000000000000083080000000000305565657980000000001705040005000000000035806
001000040000000000000000330580000000000307091701270000000001633500005000000000034304
001000080000000000000009259680000000000305457267220000000001801530006000000000048641
001000010000000000002016021380000000000306394539750000000000831970006000000000022463
001000080000000000000008409980000000000305457267220000000001914170006000000000051683
001000080000000000000008410080000000000305457267220000000001832900006000000000049488
001000040000000000000000099980000000000201267151110000000000598490005000000000012568
001000040000000000000000245280000000000307103972830000000007997500005000000000167948
001000030000000000000001068580000000000307102150960000000014505040005000000000304606
001000210000000000000000979080000000000307074546400000000000362810005000000000007619
001000050000000000000000247380000000000307073096590000000003566340005000000000074893
001000050000000000000000247180000000000307073096590000000022506660005000000000472640
001000050000000000000000958880000000000307117783020000000016615100005000000000348917
001000030000000000000000308680000000000307111908950000000000300000005000000000006300
001000240000000000000000218180000000000306702886130000000000407630005000000000008560
001000020000000000000001724480000000000202023752440000000000123140005000000000002586
001000010000000000000000001780000000000307146706180000000022000000005000000000462000
001000040000000000000000011080000000000201080414800000000000643980005000000000013524
001000010000000000000000063180000000000202814071800000000000950410005000000000019959
001000040000000000000000104880000000000201267151110000000000273040005000000000005734
001000020000000000000000007080000000000231481844290000000006694000005000000000140574
001000040000000000000012833480000000000307089261550000000008582920005000000000180241
001004180000000000000000918580000000000305467640400000000007881010005000000000165501
001000330000000000000000009080000000000307111245070000000001644630005000000000034537
001000030000000000000000030680000000000202225521340000000003719010005000000000078099
001000310000000000000000053780000000000306702532910000000540633500004000000005676652
001000310000000000000000055680000000000306702532910000000009873640005000000000207346
001000150000000000000000168480000000000337083566090000000019611000005000000000411831
001000040000000000000000032980000000000307082684680000000014714940005000000000309014
001000030000000000000000020880000000000307085254360000000019791940005000000000415631

