001000010000000000002015061380000000000306394539750000000000712640005000000000014965
001000030000000000000000233580000000000307111908950000000000250000005000000000005250
001000010000000000000000918480000000000307095453250000000011338800005000000000238115
001000030000000000000003131180000000000307082734530000000006437350005000000000135184
001000070000000000000001250780000000000307109200670000000025180200005000000000528784
001000070000000000000001250880000000000307109200670000000007191000005000000000151011
001000070000000000000001250980000000000307109200670000000002626880005000000000055164
001000080000000000000005869980000000000305457267220000000001597660005000000000033551
001000020000000000000000270280000000000307085254360000000005083340005000000000106750
001000120000000000000000311580000000000307080949310000000029186340005000000000612913
001000030000000000000000005780000000000307104921460000000004549510005000000000095540
001000020000000000000000506580000000000307104059280000000008210200005000000000172414
001000020000000000000000506680000000000307104059280000000001921700005000000000040356
001000250000000000000000003880000000000306702886130000000000399020005000000000008379
001000210000000000000000614580000000000307074546400000000000250410005000000000005259
001000020000000000000000318780000000000307082684680000000010554790005000000000221651
001000020000000000000000318880000000000307082684680000000001317400005000000000027665
001000520000000000000002878180000000000305832102760000000006105120005000000000128208
001000020000000000000000008180000000000307095168640000000003149640005000000000066142
001000010000000000000000000980000000000307146706180000000022000000005000000000462000
001000030000000000000000018680000000000202225521340000000002975210005000000000062479
001029060000000000000000369480000000000305067300380000000000176690005000000000003710
001000050000000000000000812380000000000307117783020000000004067000005000000000085407
001000020000000000000000002080000000000202225517740000000000510000005000000000010710
001000100000000000000000262980000000000306702886130000000000111800005000000000002348
001000040000000000000012210580000000000307089261550000000009621930005000000000202061
001000020000000000000001365880000000000306808109460000000004243200005000000000089107
001000520000000000000002900880000000000305832102760000000000420240005000000000008825
001000520000000000000002900780000000000305832102760000000004485120005000000000094188
001000020000000000000000124780000000000305210341290000000002049590005000000000043041
001000020000000000000000006080000000000306118004080000000006148760005000000000129124
001000010000000000000000484080000000000337105891490000000001334000005000000000028014
001000040000000000000012230080000000000307089261550000000003686310005000000000077413
001010010000000000000000001580000000000271375397000000000013260000005000000000278460
001000030000000000000000587580000000000307109418540000000007305000005000000000153405
001000150000000000000000035280000000000337083566090000000006250000005000000000131250
001000150000000000000000035380000000000337083566090000000011452000005000000000240492
001000150000000000000000035480000000000337083566090000000015171600005000000000318604
