001000070000000000000006471380000000000306548310720000000000363640005000000000007636
001000040000000000000000310080000000000307108253070000000000723980004000000000007602
001010010000000000000000008580000000000271375397000000000033500000005000000000703500
001000040000000000000012627880000000000307089261550000000002741640005000000000057574
001000520000000000000003479980000000000305832102760000000020957200005000000000440101
001000110000000000000000215680000000000306702886130000000000482730005000000000010137
001000020000000000000000083480000000000307095168640000000005358240005000000000112523
001000030000000000000000291880000000000307111908950000000000300000005000000000006300
001000010000000000000000001580000000000307146706180000000022000000005000000000462000
001000050000000000000000012280000000000307145496650000000000512400005000000000010760
001000030000000000000000034680000000000306118004080000000010460740005000000000219676
001000030000000000000000028280000000000202225521340000000003719010005000000000078099
001000040000000000000012684880000000000307089261550000000001992370005000000000041840
001000030000000000000000025280000000000231618121290000000003318680005000000000069692
001000030000000000000000025380000000000231618121290000000001792260005000000000037637
001000030000000000000002224680000000000307081386450000000009286000005000000000195006
001000030000000000000000655780000000000307109418540000000011265000005000000000236565
001000040000000000000000085280000000000201267151110000000000147340005000000000003094

