001000080000000000000003416580000000000305457267220000000001937990006000000000000000
001000520000000000000002394180000000000305832102760000000005860970005000000000000000
001000520000000000000002349080000000000305832102760000000023752530005000000000000000
001000010000000000000000691680000000000306828102930000000014925420005000000000000000
001000030000000000000000530380000000000307109418540000000003466650005000000000000000
001000020000000000000000291780000000000307082684680000000008065340005000000000000000
001000020000000000000000291880000000000307082684680000000000701670005000000000000000
001000050000000000000000087380000000000307073096590000000011184030005000000000000000
001000010000000000000000185080000000000307111908950000000000302500005000000000000000
001000010000000000000000000480000000000307146706180000000026620000005000000000000000
001000040000000000000776984280000000000306578644270000000000068780006000000000000000
001000010000000000002015011380000000000306394539750000000000693540006000000000000000
001000050000000000000000087280000000000307073096590000000015508450005000000000000000
001000020000000000000000383280000000000307114891650000000000302500005000000000000000
001000020000000000000000383180000000000307114891650000000003475800005000000000000000
001000020000000000000000776980000000000271600145930000000000414990005000000000000000
001000010000000000000000253180000000000231618121290000000001034910005000000000000000
001000070000000000000001081780000000000307109200670000000010281490005000000000000000
001000030000000000000000012280000000000202225521340000000003600000005000000000000000
001000040000000000000011796780000000000307089261550000000009001370005000000000000000
001000010000000000000000446180000000000337105891490000000000437540005000000000000000
001000050000000000000000738380000000000307117783020000000005165250005000000000000000
001000110000000000000003361680000000000306702886130000000000952400005000000000000000
001000040000000000000011736980000000000307089261550000000002503300005000000000000000
001000020000000000000000582780000000000201267151110000000000253590005000000000000000
001000030000000000000001077980000000000305874794070000000013984070005000000000000000
001000010000000000000002222780000000000337083566090000000006239730005000000000000000
001000010000000000000002222880000000000337083566090000000005526920005000000000000000
001000010000000000000002222980000000000337083566090000000009084080005000000000000000
001000040000000000000011813380000000000307089261550000000005968070005000000000000000
001000050000000000000000742880000000000307117783020000000004019380005000000000000000
001000050000000000000000744380000000000307117783020000000013547910005000000000000000
001000040000000000000000154980000000000307103972830000000002222770005000000000000000

