00600001000000000000000188420000000000409090005000000000008591
00600001000000000000000188430000000000206610005000000000004339
00600001000000000000000188440000000000061980005000000000001302
00600001000000000000000188450000000000231400005000000000004860
00600001000000000000000188460000000000202480005000000000004252
00600001000000000000000188470000000000958680005000000000020132
00600001000000000000000188480000000000404960005000000000008504
00600001000000000000000188490000000000887600005000000000018640
00600001000000000000000188500000000000727270005000000000015273
00600001000000000000000188510000000000247930005000000000005207
00600001000000000000000188520000000000314050005000000000006595
00600001000000000000000188530000000000148760005000000000003124
00600001000000000000000188540000000000719010005000000000015099
00600001000000000000000188550000000000280990005000000000005901
00600001000000000000000188560000000000580990005000000000012201
00600001000000000000000188570000000000488430005000000000010257
00600001000000000000000188580000000000516530005000000000010847
00600001000000000000000188590000000000231400005000000000004860
00600001000000000000000188600000000000338840005000000000007116
00600001000000000000000188610000000000107440005000000000002256
00600001000000000000000188620000000000115700005000000000002430
00600001000000000000000188630000000000537190005000000000011281
00600001000000000000000188640000000000144630005000000000003037
00600001000000000000000188650000000000462810005000000000009719
00600001000000000000000188660000000003448760005000000000072424
00600001000000000000000188670000000000289260005000000000006074
00600001000000000000000188680000000000326450005000000000006855
00600001000000000000000188690000000000487600005000000000010240
00600001000000000000000188700000000000314050005000000000006595
00600001000000000000000188710000000000285120005000000000005988
00600001000000000000000188720000000000057850005000000000001215
00600001000000000000000188730000000000123970005000000000002603
00600001000000000000000188740000000000477690005000000000010031
00600001000000000000000188750000000000060330005000000000001267
00600001000000000000000188760000000000239670005000000000005033
00600001000000000000000188770000000000592560005000000000012444
00600001000000000000000188780000000000392560005000000000008244
00600001000000000000000188790000000000318180005000000000006682
00600001000000000000000188800000000001027270005000000000021573
00600001000000000000000188810000000000776860005000000000016314
00600001000000000000000188820000000002361160005000000000049584
00600001000000000000000188830000000000252070005000000000005293
00600001000000000000000188840000000000144630005000000000003037
00600001000000000000000188850000000000161160005000000000003384
00600001000000000000000188860000000000892560005000000000018744
00600001000000000000000188870000000000123970005000000000002603
00600001000000000000000188880000000000247930005000000000005207
00600001000000000000000188890000000000239670005000000000005033
00600001000000000000000188900000000000206610005000000000004339
00600001000000000000000188910000000000413220005000000000008678
00600001000000000000000188920000000000351240005000000000007376
00600001000000000000000188930000000000123970005000000000002603
00600001000000000000000188940000000000309920005000000000006508
00100001000000000000000009250000000000380170005000000000007983
00600001000000000000000188950000000000334710005000000000007029
00600001000000000000000188960000000000185950005000000000003905
00600001000000000000000188970000000000377690005000000000007931
00600001000000000000000188980000000000078510005000000000001649
00600001000000000000000188990000000000111570005000000000002343
00600001000000000000000189000000000000142980005000000000003002
00600001000000000000000189010000000000144630005000000000003037
00600001000000000000000189020000000000301650005000000000006335
00600001000000000000000189030000000000185950005000000000003905
00600001000000000000000189040000000000289260005000000000006074
00600001000000000000000189050000000000261160005000000000005484
00600001000000000000000189060000000002189260005000000000045974
00600001000000000000000189070000000000396690005000000000008331
00600001000000000000000189080000000000404130005000000000008487
00600001000000000000000189090000000000539670005000000000011333
00600001000000000000000189100000000000099170005000000000002083
00600001000000000000000189110000000000442150005000000000009285
00600001000000000000000189120000000001277690005000000000026831
00600001000000000000000189130000000000409090005000000000008591
00600001000000000000000189140000000000204960005000000000004304
00600001000000000000000189150000000000099170005000000000002083
00600001000000000000000189160000000000491740005000000000010326
00600001000000000000000189170000000001235540005000000000025946
00600001000000000000000189180000000000074380005000000000001562
00600001000000000000000189190000000000214880005000000000004512
00600001000000000000000189200000000000148760005000000000003124
00600001000000000000000189210000000000214880005000000000004512
00600001000000000000000189220000000000537190005000000000011281
00600001000000000000000189230000000000409090005000000000008591
00100001000000000000000009260000000000247930005000000000005207
00600001000000000000000189240000000001207440005000000000025356
00600001000000000000000189250000000000214880005000000000004512
00600001000000000000000189260000000000334710005000000000007029
00600001000000000000000189270000000000165290005000000000003471
00600001000000000000000189280000000000412400005000000000008660
00600001000000000000000189290000000000080990005000000000001701
00600001000000000000000189300000000000140500005000000000002950
00600001000000000000000189310000000000318180005000000000006682
00600001000000000000000189320000000001006610005000000000021139
00600001000000000000000189330000000000123970005000000000002603
00600001000000000000000189340000000000206610005000000000004339
00600001000000000000000189350000000000620660005000000000013034
00100001000000000000000009280000000002851240005000000000059876
00600001000000000000000189360000000000351240005000000000007376
00600001000000000000000189370000000000938020005000000000019698
00600001000000000000000189380000000000231400005000000000004860
00600001000000000000000189390000000000609920005000000000012808
00600001000000000000000189400000000000214880005000000000004512
00600001000000000000000189410000000000099170005000000000002083
00600001000000000000000189420000000000028930005000000000000607
00600001000000000000000189430000000001991740005000000000041826
00600001000000000000000189440000000000239670005000000000005033
00600001000000000000000189450000000000086780005000000000001822
00600001000000000000000189460000000001371900005000000000028810
00600001000000000000000189470000000000123970005000000000002603
00600001000000000000000189480000000000756200005000000000015880
00600001000000000000000189490000000001458680005000000000030632
00600001000000000000000189500000000000669420005000000000014058
00600001000000000000000189510000000002758680005000000000057932
00600001000000000000000189520000000000706610005000000000014839
00600001000000000000000189530000000000553720005000000000011628
00600001000000000000000189540000000001152890005000000000024211
00600001000000000000000189550000000000305790005000000000006421
00600001000000000000000189560000000000485950005000000000010205
00600001000000000000000189570000000000293390005000000000006161
00600001000000000000000189580000000000442150005000000000009285
00600001000000000000000189590000000000508260005000000000010674
00600001000000000000000189600000000000128930005000000000002707
00600001000000000000000189610000000000144630005000000000003037
00600001000000000000000189620000000000347110005000000000007289
00600001000000000000000189630000000000148760005000000000003124
00600001000000000000000189640000000000417360005000000000008764
00600001000000000000000189650000000000509920005000000000010708
00600001000000000000000189660000000001328930005000000000027907
00600001000000000000000189670000000000144630005000000000003037
00600001000000000000000189680000000000564460005000000000011854
00600001000000000000000189690000000000082640005000000000001736
00600001000000000000000189700000000000309920005000000000006508
00600001000000000000000189710000000000369420005000000000007758
00600001000000000000000189720000000000052070005000000000001093
00600001000000000000000189730000000000818180005000000000017182
00600001000000000000000189740000000000161160005000000000003384
00600001000000000000000189750000000000191740005000000000004026
00600001000000000000000189760000000000735540005000000000015446
00600001000000000000000189770000000001380170005000000000028983
00600001000000000000000189780000000000485120005000000000010188
00600001000000000000000189790000000000322310005000000000006769
00600001000000000000000189800000000002123970005000000000044603
00600001000000000000000189810000000000342980005000000000007202
00600001000000000000000189820000000000235540005000000000004946
00600001000000000000000189830000000000326450005000000000006855
00600001000000000000000189840000000000516530005000000000010847
00600001000000000000000189850000000000123970005000000000002603
00600001000000000000000189860000000000975210005000000000020479
00600001000000000000000189870000000000070250005000000000001475
00600001000000000000000189880000000000274380005000000000005762
00600001000000000000000189890000000000210740005000000000004426
00600001000000000000000189900000000000181820005000000000003818
00600001000000000000000189910000000000095040005000000000001996
00600001000000000000000189920000000001190080005000000000024992
00600001000000000000000189930000000000756200005000000000015880
00600001000000000000000189940000000000198350005000000000004165
00100001000000000000000009290000000000280990005000000000005901
00600001000000000000000189950000000000560330005000000000011767
00600001000000000000000189960000000000619830005000000000013017
00600001000000000000000189970000000000194210005000000000004079
00600001000000000000000189980000000000140500005000000000002950
00600001000000000000000189990000000000971070005000000000020393
00600001000000000000000190000000000000144630005000000000003037
00600001000000000000000190010000000000979340005000000000020566
00600001000000000000000190020000000000309920005000000000006508
00600001000000000000000190030000000000516530005000000000010847
00600001000000000000000190040000000000173550005000000000003645
00600001000000000000000190050000000000586780005000000000012322
00600001000000000000000190060000000001512400005000000000031760
00600001000000000000000190070000000000520660005000000000010934
00600001000000000000000190080000000000285120005000000000005988
00600001000000000000000190090000000001586780005000000000033322
00600001000000000000000190100000000000991740005000000000020826
00600001000000000000000190110000000000157020005000000000003298
00600001000000000000000190120000000000061980005000000000001302
00600001000000000000000190130000000000190080005000000000003992
00600001000000000000000190140000000000454550005000000000009545
00600001000000000000000190150000000000673550005000000000014145
00600001000000000000000190160000000000028930005000000000000607
00600001000000000000000190170000000000115700005000000000002430
00100001000000000000000009300000000001041320005000000000021868
00600001000000000000000190180000000000557850005000000000011715
00600001000000000000000190190000000000090910005000000000001909
00600001000000000000000190200000000000652890005000000000013711
00600001000000000000000190210000000000145450005000000000003055
00600001000000000000000190220000000000549590005000000000011541
00600001000000000000000190230000000000764460005000000000016054
00600001000000000000000190240000000000438020005000000000009198
00600001000000000000000190250000000000351240005000000000007376
00600001000000000000000190260000000000264460005000000000005554
00600001000000000000000190270000000000619830005000000000013017
00600001000000000000000190280000000000433880005000000000009112
00600001000000000000000190290000000000272730005000000000005727
00600001000000000000000190300000000001760330005000000000036967
00600001000000000000000190310000000000528930005000000000011107
00600001000000000000000190320000000001309920005000000000027508
00600001000000000000000190330000000000735540005000000000015446
00600001000000000000000190340000000000938020005000000000019698
00600001000000000000000190350000000000871900005000000000018310
00600001000000000000000190360000000000504130005000000000010587
00600001000000000000000190370000000000553720005000000000011628
00600001000000000000000190380000000001015700005000000000021330
00600001000000000000000190390000000000103310005000000000002169
00600001000000000000000190400000000001793390005000000000037661
00600001000000000000000190410000000000533060005000000000011194
00600001000000000000000190420000000000289260005000000000006074
00600001000000000000000190430000000000227270005000000000004773
00600001000000000000000190440000000000223140005000000000004686
00600001000000000000000190450000000000221490005000000000004651
00600001000000000000000190460000000000644630005000000000013537
00600001000000000000000190470000000000619830005000000000013017
00600001000000000000000190480000000000772730005000000000016227
00600001000000000000000190490000000000709090005000000000014891
00600001000000000000000190500000000000334710005000000000007029
00600001000000000000000190510000000000140500005000000000002950
00100001000000000000000009310000000001512400005000000000031760
00600001000000000000000190520000000000247930005000000000005207
00600001000000000000000190530000000000080990005000000000001701
00600001000000000000000190540000000000711570005000000000014943
00600001000000000000000190550000000001229750005000000000025825
00600001000000000000000190560000000000929750005000000000019525
00600001000000000000000190570000000000380170005000000000007983
00600001000000000000000190580000000000115700005000000000002430
00600001000000000000000190590000000000293390005000000000006161
00600001000000000000000190600000000000703310005000000000014769
00600001000000000000000190610000000000132230005000000000002777
00600001000000000000000190620000000000260330005000000000005467
00600001000000000000000190630000000000830580005000000000017442
00600001000000000000000190640000000000238020005000000000004998
00600001000000000000000190650000000000289260005000000000006074
00600001000000000000000190660000000000143800005000000000003020
00600001000000000000000190670000000000276860005000000000005814
00600001000000000000000190680000000000714880005000000000015012
00600001000000000000000190690000000000123970005000000000002603
00600001000000000000000190700000000000061980005000000000001302
00600001000000000000000190710000000000247930005000000000005207
00600001000000000000000190720000000000214880005000000000004512
00600001000000000000000190730000000000436360005000000000009164
00600001000000000000000190740000000000045450005000000000000955
00600001000000000000000190750000000002138840005000000000044916
00600001000000000000000190760000000002743800005000000000057620
00600001000000000000000190770000000000107440005000000000002256
00600001000000000000000190780000000000214880005000000000004512
00600001000000000000000190790000000000735540005000000000015446
00600001000000000000000190800000000000079340005000000000001666
00600001000000000000000190810000000000309920005000000000006508
00600001000000000000000190820000000000161160005000000000003384
00600001000000000000000190830000000000177690005000000000003731
00600001000000000000000190840000000001880170005000000000039483
00600001000000000000000190850000000000277690005000000000005831
00600001000000000000000190860000000000771070005000000000016193
00600001000000000000000190870000000000097520005000000000002048
00600001000000000000000190880000000000059500005000000000001250
00600001000000000000000190890000000000078510005000000000001649
00600001000000000000000190900000000000743800005000000000015620
00600001000000000000000190910000000000053720005000000000001128
00600001000000000000000190920000000000173550005000000000003645
00600001000000000000000190930000000000111570005000000000002343
00600001000000000000000190940000000000285120005000000000005988
00600001000000000000000190950000000000326450005000000000006855
00600001000000000000000190960000000000661980005000000000013902
00600001000000000000000190970000000000450410005000000000009459
00600001000000000000000190980000000000793390005000000000016661
00600001000000000000000190990000000000272730005000000000005727
00600001000000000000000191000000000002090910005000000000043909
00600001000000000000000191010000000000938020005000000000019698
00600001000000000000000191020000000000243800005000000000005120
00600001000000000000000191030000000000363640005000000000007636
00600001000000000000000191040000000000132230005000000000002777
00600001000000000000000191050000000000425620005000000000008938
00600001000000000000000191060000000000247930005000000000005207
00600001000000000000000191070000000000590910005000000000012409
00600001000000000000000191080000000000537190005000000000011281
00600001000000000000000191090000000000167770005000000000003523
00600001000000000000000191100000000000347110005000000000007289
00600001000000000000000191110000000000314050005000000000006595
00600001000000000000000191120000000000087600005000000000001840
00600001000000000000000191130000000000107440005000000000002256
00600001000000000000000191140000000000307440005000000000006456
00600001000000000000000191150000000001016530005000000000021347
00600001000000000000000191160000000000194210005000000000004079
00600001000000000000000191170000000001090910005000000000022909
00600001000000000000000191180000000000472730005000000000009927
00100001000000000000000009320000000006876030005000000000144397
00600001000000000000000191190000000002033060005000000000042694
00600001000000000000000191200000000000123970005000000000002603
00600001000000000000000191210000000000123970005000000000002603
00600001000000000000000191220000000000743800005000000000015620
00600001000000000000000191230000000000861980005000000000018102
00600001000000000000000191240000000000553720005000000000011628
00600001000000000000000191250000000000185950005000000000003905
00600001000000000000000191260000000000615700005000000000012930
00600001000000000000000191270000000000392560005000000000008244
00600001000000000000000191280000000000297520005000000000006248
00600001000000000000000191290000000000157020005000000000003298
00600001000000000000000191300000000000429750005000000000009025
00600001000000000000000191310000000000537190005000000000011281
00600001000000000000000191320000000000198350005000000000004165
00600001000000000000000191330000000000347110005000000000007289
00600001000000000000000191340000000000818180005000000000017182
00600001000000000000000191350000000000260330005000000000005467
00600001000000000000000191360000000000095040005000000000001996
00600001000000000000000191370000000000130580005000000000002742
00600001000000000000000191390000000000107440005000000000002256
00100001000000000000000009330000000003132230005000000000065777
00600001000000000000000191400000000001363640005000000000028636
00100001000000000000000009340000000001055370005000000000022163
00600001000000000000000191410000000000196690005000000000004131
00600001000000000000000191420000000000409090005000000000008591
00600001000000000000000191430000000000309920005000000000006508
00600001000000000000000191440000000000768600005000000000016140
00600001000000000000000191450000000000107440005000000000002256
00100001000000000000000009350000000001520660005000000000031934
00600001000000000000000191460000000000198350005000000000004165
00100001000000000000000009360000000000144630005000000000003037
00600001000000000000000191470000000000576860005000000000012114
00600001000000000000000191480000000000776860005000000000016314
00600001000000000000000191490000000000214880005000000000004512
00600001000000000000000191500000000000760330005000000000015967
00600001000000000000000191510000000000351240005000000000007376
00600001000000000000000191520000000002603310005000000000054669
00600001000000000000000191530000000001764460005000000000037054
00600001000000000000000191540000000000396690005000000000008331
00600001000000000000000191550000000000438020005000000000009198
00600001000000000000000191560000000000173550005000000000003645
00600001000000000000000191570000000000194210005000000000004079
00600001000000000000000191580000000000115700005000000000002430
00600001000000000000000191590000000000231400005000000000004860
00600001000000000000000191600000000000277690005000000000005831
00600001000000000000000191610000000001728930005000000000036307
00600001000000000000000191620000000000458680005000000000009632
00600001000000000000000191630000000000293390005000000000006161
00600001000000000000000191640000000000231400005000000000004860
00600001000000000000000191650000000000213220005000000000004478
00600001000000000000000191660000000000520660005000000000010934
00600001000000000000000191670000000000838840005000000000017616
00600001000000000000000191680000000002768600005000000000058140
00600001000000000000000191690000000000351240005000000000007376
00600001000000000000000191700000000000124790005000000000002621
00600001000000000000000191710000000000152890005000000000003211
00600001000000000000000191720000000000297520005000000000006248

