001000080000000000000005059480000000000305457267220000000001579820005000000000033176
001000030000000000000000233580000000000307111908950000000000250000005000000000005250
001000040000000000000000001480000000000201267151110000000000175000005000000000003675
001000030000000000000000017180000000000202225521340000000002975210005000000000062479
001000010000000000000001674780000000000307088730430000000001017580005000000000021369
001000010000000000000000209180000000000273003614690000000015700310005000000000329707
001000980000000000000000759580000000000307090071610000000003109500005000000000065299
001000010000000000000000198880000000000232477726690000000000677700005000000000014232
001000010000000000000002222180000000000306118004080000000009984630005000000000209677
001000010000000000000000008580000000000307146433190000000000495860005000000000010413
001000010000000000000000795680000000000307095168640000000003055920005000000000064174
001000010000000000000000000880000000000307146706180000000022000000005000000000462000
001000110000000000000000046380000000000306702886130000000000441440005000000000009270
001000010000000000000001002380000000000201619748470000000004119960005000000000086519
001000010000000000000000209980000000000273003614690000000009180000005000000000192780
001000010000000000002015051380000000000306394539750000000000710720005000000000014925
001000040000000000000790423080000000000306578644270000000000096980005000000000002037
001000040000000000000000009580000000000201267151110000000000229770005000000000004825
001000240000000000000000040480000000000306702886130000000000269000005000000000005649
001000040000000000000012126480000000000307089261550000000003531100005000000000074153
001000020000000000000000122180000000000305210341290000000024793380005000000000520661
001000010000000000000000211480000000000273003614690000000004293040005000000000090154
001000010000000000000000202680000000000232477726690000000004462810005000000000093719
001000040000000000000000014980000000000201267151110000000000168680005000000000003542
001000020000000000000005648180000000000307079863240000000001881300005000000000039507
001000020000000000000005648280000000000307079863240000000006314380005000000000132602
001000520000000000000002828680000000000305832102760000000012945360005000000000271853
001000040000000000000012147980000000000307089261550000000004199250005000000000088184
