00600001000000000000000136790000000000132230005000000000002777
00600001000000000000000177880000000000214880005000000000004512
00600001000000000000000177890000000000260330005000000000005467
00600001000000000000000177900000000000239670005000000000005033
00600001000000000000000177910000000000760330005000000000015967
00600001000000000000000177920000000000258680005000000000005432
00600001000000000000000177930000000000119010005000000000002499
00600001000000000000000177940000000000203310005000000000004269
00600001000000000000000177950000000001057850005000000000022215
00600001000000000000000177960000000000966940005000000000020306
00600001000000000000000177970000000000173550005000000000003645
00600001000000000000000177980000000000642980005000000000013502
00600001000000000000000177990000000000498350005000000000010465
00600001000000000000000178000000000000528930005000000000011107
00600001000000000000000178010000000000268600005000000000005640
00600001000000000000000178020000000000140500005000000000002950
00600001000000000000000178030000000000123970005000000000002603
00600001000000000000000178040000000000127270005000000000002673
00600001000000000000000178050000000001501650005000000000031535
00600001000000000000000178060000000000847110005000000000017789
00600001000000000000000178070000000000190080005000000000003992
00600001000000000000000178080000000000190080005000000000003992
00600001000000000000000178090000000000337190005000000000007081
00600001000000000000000178100000000000080990005000000000001701
00600001000000000000000178110000000000331400005000000000006960
00600001000000000000000178120000000000305790005000000000006421
00600001000000000000000178130000000000557850005000000000011715
00600001000000000000000178140000000000380170005000000000007983
00600001000000000000000178150000000000206610005000000000004339
00600001000000000000000178160000000000425620005000000000008938
00600001000000000000000178170000000000247930005000000000005207
00600001000000000000000178180000000000689260005000000000014474
00600001000000000000000178190000000000123970005000000000002603
00600001000000000000000178200000000002272730005000000000047727
00600001000000000000000178210000000000148760005000000000003124
00600001000000000000000178220000000001482640005000000000031136
00600001000000000000000178230000000000500000005000000000010500
00600001000000000000000178240000000000251240005000000000005276
00600001000000000000000178250000000000256200005000000000005380
00600001000000000000000178260000000000132230005000000000002777
00600001000000000000000178270000000000264460005000000000005554
00600001000000000000000178280000000000219010005000000000004599
00600001000000000000000178290000000000413220005000000000008678
00600001000000000000000178300000000000256200005000000000005380
00600001000000000000000178310000000000314050005000000000006595
00600001000000000000000178320000000001595040005000000000033496
00600001000000000000000178330000000000495040005000000000010396
00600001000000000000000178340000000000280990005000000000005901
00600001000000000000000178350000000000419830005000000000008817
00600001000000000000000178360000000000258680005000000000005432
00600001000000000000000178370000000000276860005000000000005814
00600001000000000000000178380000000002161160005000000000045384
00600001000000000000000178390000000000450410005000000000009459
00600001000000000000000178400000000000157020005000000000003298
00600001000000000000000178410000000000109090005000000000002291
00600001000000000000000178420000000000644630005000000000013537
00600001000000000000000178430000000000185950005000000000003905
00600001000000000000000178440000000000603310005000000000012669
00600001000000000000000178450000000000256200005000000000005380
00600001000000000000000178460000000000774380005000000000016262
00600001000000000000000178470000000000805790005000000000016921
00600001000000000000000178480000000000293390005000000000006161
00600001000000000000000178490000000000148760005000000000003124
00600001000000000000000178500000000000507440005000000000010656
00600001000000000000000178510000000000227270005000000000004773
00600001000000000000000178520000000000185950005000000000003905
00600001000000000000000178530000000000223140005000000000004686
00600001000000000000000178540000000000301650005000000000006335
00600001000000000000000178550000000000681820005000000000014318
00600001000000000000000178560000000000280990005000000000005901
00600001000000000000000178570000000000557850005000000000011715
00600001000000000000000178580000000000260330005000000000005467
00600001000000000000000178590000000000293390005000000000006161
00600001000000000000000178600000000001857020005000000000038998
00600001000000000000000178610000000000285120005000000000005988
00600001000000000000000178620000000001351240005000000000028376
00600001000000000000000178630000000000289260005000000000006074
00600001000000000000000178640000000000756200005000000000015880
00600001000000000000000178650000000000351240005000000000007376
00600001000000000000000178660000000000066940005000000000001406
00600001000000000000000178670000000001785120005000000000037488
00600001000000000000000178680000000001628930005000000000034207
00600001000000000000000178690000000000737190005000000000015481
00600001000000000000000178700000000000272730005000000000005727
00600001000000000000000178710000000000190080005000000000003992
00600001000000000000000178720000000000118180005000000000002482
00600001000000000000000178730000000002066120005000000000043388
00600001000000000000000178740000000000165290005000000000003471
00600001000000000000000178750000000000361980005000000000007602
00600001000000000000000178760000000001190080005000000000024992
00600001000000000000000178770000000000099170005000000000002083
00600001000000000000000178780000000000103310005000000000002169
00600001000000000000000178790000000000342980005000000000007202
00600001000000000000000178800000000000818180005000000000017182
00600001000000000000000178810000000000194210005000000000004079
00600001000000000000000178820000000000148760005000000000003124
00600001000000000000000178830000000000247930005000000000005207
00600001000000000000000178840000000000328930005000000000006907
00600001000000000000000178850000000000580170005000000000012183
00600001000000000000000178860000000000174380005000000000003662
00600001000000000000000178870000000000400830005000000000008417
00600001000000000000000178880000000000136360005000000000002864
00600001000000000000000178890000000000714880005000000000015012
00600001000000000000000178900000000000322310005000000000006769
00600001000000000000000178910000000000649590005000000000013641
00600001000000000000000178920000000000070250005000000000001475
00600001000000000000000178930000000000132230005000000000002777
00600001000000000000000178940000000000268600005000000000005640
00600001000000000000000178950000000000152890005000000000003211
00600001000000000000000178960000000000099170005000000000002083
00600001000000000000000178970000000000431400005000000000009060
00600001000000000000000178980000000002440500005000000000051250
00600001000000000000000178990000000000475210005000000000009979
00600001000000000000000179000000000001210740005000000000025426
00600001000000000000000179010000000000053720005000000000001128
00600001000000000000000179020000000001076860005000000000022614
00600001000000000000000179030000000000309920005000000000006508
00600001000000000000000179040000000000537190005000000000011281
00600001000000000000000179050000000000309920005000000000006508
00600001000000000000000179060000000000794210005000000000016679
00600001000000000000000179070000000000937190005000000000019681
00600001000000000000000179080000000000099170005000000000002083
00600001000000000000000179090000000003776860005000000000079314
00600001000000000000000179100000000000636360005000000000013364
00600001000000000000000179110000000001652890005000000000034711
00600001000000000000000179120000000001484300005000000000031170
00600001000000000000000179130000000001371900005000000000028810
00600001000000000000000179140000000000177690005000000000003731
00600001000000000000000179150000000000367770005000000000007723
00600001000000000000000179160000000000247930005000000000005207
00600001000000000000000179170000000000409090005000000000008591
00600001000000000000000179180000000000214880005000000000004512
00600001000000000000000179190000000000297520005000000000006248
00600001000000000000000179200000000000219010005000000000004599
00600001000000000000000179210000000000239670005000000000005033
00600001000000000000000179220000000000115700005000000000002430
00600001000000000000000179230000000000341320005000000000007168
00600001000000000000000179240000000000582640005000000000012236
00600001000000000000000179250000000000421490005000000000008851
00600001000000000000000179260000000000671900005000000000014110
00600001000000000000000179270000000000475210005000000000009979
00600001000000000000000179280000000000619830005000000000013017
00600001000000000000000179290000000000247930005000000000005207
00600001000000000000000179300000000000500000005000000000010500
00600001000000000000000179310000000000413220005000000000008678
00600001000000000000000179320000000000268600005000000000005640
00600001000000000000000179330000000000231400005000000000004860
00600001000000000000000179340000000000268600005000000000005640
00600001000000000000000179350000000000219010005000000000004599
00600001000000000000000179360000000000123970005000000000002603
00600001000000000000000179370000000000227270005000000000004773
00600001000000000000000179380000000000801650005000000000016835
00600001000000000000000179390000000000595040005000000000012496
00600001000000000000000179400000000000157020005000000000003298
00600001000000000000000179410000000000330580005000000000006942
00600001000000000000000179420000000000239670005000000000005033
00600001000000000000000179430000000000177690005000000000003731
00600001000000000000000179440000000000537190005000000000011281
00600001000000000000000179450000000000078510005000000000001649
00600001000000000000000179460000000000314050005000000000006595
00600001000000000000000179470000000000070250005000000000001475
00600001000000000000000179480000000000194210005000000000004079
00600001000000000000000179490000000000305790005000000000006421
00600001000000000000000179500000000000710740005000000000014926
00600001000000000000000179510000000000607440005000000000012756
00600001000000000000000179520000000000297520005000000000006248
00600001000000000000000179530000000000214880005000000000004512
00600001000000000000000179540000000000723140005000000000015186
00600001000000000000000179550000000001842980005000000000038702
00600001000000000000000179560000000000801650005000000000016835
00600001000000000000000179570000000000297520005000000000006248
00600001000000000000000179580000000000268600005000000000005640
00600001000000000000000179590000000000140500005000000000002950
00600001000000000000000179600000000000636360005000000000013364
00600001000000000000000179610000000000561980005000000000011802
00600001000000000000000179620000000000888430005000000000018657
00600001000000000000000179630000000000760330005000000000015967
00600001000000000000000179640000000000404960005000000000008504
00600001000000000000000179650000000000227270005000000000004773
00600001000000000000000179660000000000053720005000000000001128
00600001000000000000000179670000000000316530005000000000006647
00600001000000000000000179680000000000161160005000000000003384
00600001000000000000000179690000000000151240005000000000003176
00600001000000000000000179700000000000979340005000000000020566
00600001000000000000000179710000000000206610005000000000004339
00600001000000000000000179720000000000483470005000000000010153
00600001000000000000000179730000000000297520005000000000006248
00600001000000000000000179740000000000119830005000000000002517
00600001000000000000000179750000000000334710005000000000007029
00600001000000000000000179760000000000371900005000000000007810
00600001000000000000000179770000000000202480005000000000004252
00600001000000000000000179780000000000479340005000000000010066
00600001000000000000000179790000000000128100005000000000002690
00600001000000000000000179800000000000309920005000000000006508
00600001000000000000000179810000000000342980005000000000007202
00600001000000000000000179820000000000357850005000000000007515
00600001000000000000000179830000000000351240005000000000007376
00600001000000000000000179840000000000322310005000000000006769
00600001000000000000000179850000000000161160005000000000003384
00600001000000000000000179860000000002060330005000000000043267
00600001000000000000000179870000000000351240005000000000007376
00600001000000000000000179880000000001785120005000000000037488
00600001000000000000000179890000000000487600005000000000010240
00600001000000000000000179900000000000107440005000000000002256
00600001000000000000000179910000000000177690005000000000003731
00600001000000000000000179920000000000309090005000000000006491
00600001000000000000000179930000000000673550005000000000014145
00600001000000000000000179940000000001669420005000000000035058
00600001000000000000000179950000000000371900005000000000007810
00600001000000000000000179960000000000177690005000000000003731
00600001000000000000000179970000000000078510005000000000001649
00600001000000000000000179980000000000119830005000000000002517
00600001000000000000000179990000000000392560005000000000008244
00600001000000000000000180000000000003421490005000000000071851
00600001000000000000000180010000000000260330005000000000005467
00600001000000000000000180020000000000103310005000000000002169
00600001000000000000000180030000000000107440005000000000002256
00600001000000000000000180040000000000404960005000000000008504
00600001000000000000000180050000000000644630005000000000013537
00600001000000000000000180060000000000661160005000000000013884
00600001000000000000000180070000000000347110005000000000007289
00600001000000000000000180080000000000471070005000000000009893
00600001000000000000000180090000000000161160005000000000003384
00600001000000000000000180100000000000527270005000000000011073
00600001000000000000000180110000000000454550005000000000009545
00600001000000000000000180120000000001413220005000000000029678
00600001000000000000000180130000000000609920005000000000012808
00600001000000000000000180140000000001818180005000000000038182
00600001000000000000000180150000000000723140005000000000015186
00600001000000000000000180160000000000271070005000000000005693
00600001000000000000000180170000000001289260005000000000027074
00600001000000000000000180180000000000243800005000000000005120
00600001000000000000000180190000000000512400005000000000010760
00600001000000000000000180200000000000537190005000000000011281
00600001000000000000000180210000000000181820005000000000003818
00600001000000000000000180220000000000528930005000000000011107
00600001000000000000000180230000000000095040005000000000001996
00600001000000000000000180240000000000739670005000000000015533
00600001000000000000000180250000000000144630005000000000003037
00600001000000000000000180260000000001070250005000000000022475
00600001000000000000000180270000000000148760005000000000003124
00600001000000000000000180280000000000289260005000000000006074
00600001000000000000000180290000000000731400005000000000015360
00600001000000000000000180300000000001047110005000000000021989
00600001000000000000000180310000000000644630005000000000013537
00600001000000000000000180320000000000723140005000000000015186
00600001000000000000000180330000000000123970005000000000002603
00600001000000000000000180340000000001115700005000000000023430
00600001000000000000000180350000000000552070005000000000011593
00600001000000000000000180360000000000247930005000000000005207
00600001000000000000000180370000000000371900005000000000007810
00600001000000000000000180380000000000056200005000000000001180
00600001000000000000000180390000000000355370005000000000007463
00600001000000000000000180400000000000363640005000000000007636
00600001000000000000000180410000000000123970005000000000002603
00600001000000000000000180420000000001715700005000000000036030
00600001000000000000000180430000000000099170005000000000002083
00600001000000000000000180440000000000140500005000000000002950
00600001000000000000000180450000000000136360005000000000002864
00600001000000000000000180460000000000636360005000000000013364
00600001000000000000000180470000000000276860005000000000005814
00600001000000000000000180480000000000305790005000000000006421
00600001000000000000000180490000000000144630005000000000003037
00600001000000000000000180500000000000078510005000000000001649
00600001000000000000000180510000000000196690005000000000004131
00600001000000000000000180520000000000217360005000000000004564
00600001000000000000000180530000000000152890005000000000003211
00600001000000000000000180540000000000371900005000000000007810
00600001000000000000000180550000000000128100005000000000002690
00600001000000000000000180560000000000670250005000000000014075
00600001000000000000000180570000000000512400005000000000010760
00600001000000000000000180580000000000347110005000000000007289
00600001000000000000000180590000000000326450005000000000006855
00600001000000000000000180600000000000570250005000000000011975
00600001000000000000000180610000000000314050005000000000006595
00600001000000000000000180620000000000512400005000000000010760
00600001000000000000000180630000000000459500005000000000009650
00600001000000000000000180640000000000367770005000000000007723
00600001000000000000000180650000000000144630005000000000003037
00600001000000000000000180660000000000776860005000000000016314
00600001000000000000000180670000000000103310005000000000002169
00600001000000000000000180680000000000123970005000000000002603
00600001000000000000000180690000000000508260005000000000010674
00600001000000000000000180700000000000297520005000000000006248
00600001000000000000000180710000000000289260005000000000006074
00600001000000000000000180720000000000305790005000000000006421
00600001000000000000000180730000000000247930005000000000005207
00600001000000000000000180740000000000123970005000000000002603
00600001000000000000000180750000000000203310005000000000004269
00600001000000000000000180760000000002561980005000000000053802
00600001000000000000000180770000000000351240005000000000007376
00600001000000000000000180780000000001801650005000000000037835
00600001000000000000000180790000000001082640005000000000022736
00600001000000000000000180800000000000045450005000000000000955
00600001000000000000000180810000000000921490005000000000019351
00600001000000000000000180820000000000657020005000000000013798
00600001000000000000000180830000000001271070005000000000026693
00600001000000000000000180840000000000993390005000000000020861
00600001000000000000000180850000000000949590005000000000019941
00600001000000000000000180860000000000210740005000000000004426
00600001000000000000000180870000000000828100005000000000017390
00600001000000000000000180880000000000531400005000000000011160
00600001000000000000000180890000000000202480005000000000004252
00600001000000000000000180900000000000279340005000000000005866
00600001000000000000000180910000000001214880005000000000025512
00600001000000000000000180920000000001646280005000000000034572
00600001000000000000000180930000000001813220005000000000038078
00600001000000000000000180940000000000760330005000000000015967
00600001000000000000000180950000000000260330005000000000005467
00600001000000000000000180960000000001460330005000000000030667
00600001000000000000000180970000000000842150005000000000017685
00600001000000000000000180980000000000297520005000000000006248
00600001000000000000000180990000000000490080005000000000010292
00600001000000000000000181000000000000952070005000000000019993
00600001000000000000000181010000000000170250005000000000003575
00600001000000000000000181020000000000285950005000000000006005
00600001000000000000000181030000000000599170005000000000012583
00600001000000000000000181040000000000297520005000000000006248
00600001000000000000000181050000000000217360005000000000004564
00600001000000000000000181060000000000280990005000000000005901
00600001000000000000000181070000000000347110005000000000007289
00600001000000000000000181080000000000239670005000000000005033
00600001000000000000000181090000000000240500005000000000005050
00600001000000000000000181100000000000365290005000000000007671
00600001000000000000000181110000000000174380005000000000003662
00600001000000000000000181120000000000214880005000000000004512
00600001000000000000000181130000000000268600005000000000005640
00600001000000000000000181140000000000247930005000000000005207
00600001000000000000000181150000000000123970005000000000002603
00600001000000000000000181160000000000991740005000000000020826
00600001000000000000000181170000000000930580005000000000019542
00600001000000000000000181180000000001228930005000000000025807
00600001000000000000000181190000000000652890005000000000013711
00600001000000000000000181200000000001983470005000000000041653
00600001000000000000000181210000000000363640005000000000007636
00600001000000000000000181220000000000227270005000000000004773
00600001000000000000000181230000000000247930005000000000005207
00600001000000000000000181240000000001320660005000000000027734
00600001000000000000000181250000000000206610005000000000004339
00600001000000000000000181260000000000123970005000000000002603
00600001000000000000000181270000000000000830005000000000000017
00600001000000000000000181280000000000148760005000000000003124
00600001000000000000000181290000000000472730005000000000009927
00600001000000000000000181300000000000194210005000000000004079
00600001000000000000000181310000000000661160005000000000013884
00600001000000000000000181320000000000109920005000000000002308
00600001000000000000000181330000000000495870005000000000010413
00600001000000000000000181340000000000209090005000000000004391
00600001000000000000000181350000000000049590005000000000001041
00600001000000000000000181360000000000403310005000000000008469
00600001000000000000000181370000000000177690005000000000003731
00600001000000000000000181380000000000238020005000000000004998
00600001000000000000000181390000000000442150005000000000009285
00600001000000000000000181400000000000491740005000000000010326
00600001000000000000000181410000000000196690005000000000004131
00600001000000000000000181420000000000148760005000000000003124
00600001000000000000000181430000000000338840005000000000007116
00600001000000000000000181440000000000533060005000000000011194
00600001000000000000000181450000000000255370005000000000005363
00600001000000000000000181460000000000645450005000000000013555
00600001000000000000000181470000000000574380005000000000012062
00600001000000000000000181480000000000342980005000000000007202
00600001000000000000000181490000000000194210005000000000004079
00600001000000000000000181500000000000475210005000000000009979
00600001000000000000000181510000000000198350005000000000004165
00600001000000000000000181520000000000884300005000000000018570
00600001000000000000000181530000000000933880005000000000019612
00600001000000000000000181540000000000228100005000000000004790
00600001000000000000000181550000000000715700005000000000015030
00600001000000000000000181560000000000347110005000000000007289
00600001000000000000000181570000000000061980005000000000001302
00600001000000000000000181580000000002556200005000000000053680
00600001000000000000000181590000000000059500005000000000001250
00600001000000000000000181600000000000969420005000000000020358
00600001000000000000000181610000000000161160005000000000003384
00600001000000000000000181620000000000406610005000000000008539
00600001000000000000000181630000000000177690005000000000003731
00600001000000000000000181640000000000997520005000000000020948
00600001000000000000000181650000000000421490005000000000008851
00600001000000000000000181660000000000322310005000000000006769
00600001000000000000000181670000000000446280005000000000009372
00600001000000000000000181680000000000322310005000000000006769
00600001000000000000000181690000000000414880005000000000008712
00600001000000000000000181700000000000123970005000000000002603
00600001000000000000000181710000000000392560005000000000008244
00600001000000000000000181720000000000239670005000000000005033
00600001000000000000000181730000000000846280005000000000017772
00600001000000000000000181740000000000516530005000000000010847
00600001000000000000000181750000000000123970005000000000002603
00600001000000000000000181760000000000428930005000000000009007
00600001000000000000000181770000000000144630005000000000003037
00600001000000000000000181780000000000483470005000000000010153
00600001000000000000000181790000000000309920005000000000006508
00600001000000000000000181800000000000328100005000000000006890
00600001000000000000000181810000000000342980005000000000007202
00600001000000000000000181820000000000614880005000000000012912
00600001000000000000000181830000000000171070005000000000003593
00600001000000000000000181840000000000177690005000000000003731
00600001000000000000000181850000000000239670005000000000005033
00600001000000000000000181860000000000476860005000000000010014
00600001000000000000000181870000000000371900005000000000007810
00600001000000000000000181880000000000396690005000000000008331
00600001000000000000000181890000000000190080005000000000003992
00600001000000000000000181900000000000301650005000000000006335
00600001000000000000000181910000000000289260005000000000006074
00600001000000000000000181920000000000056200005000000000001180
00600001000000000000000181930000000000541320005000000000011368
00600001000000000000000181940000000000194210005000000000004079
00600001000000000000000181950000000000000830005000000000000017
00600001000000000000000000230000000000293390005000000000006161
00100001000000000000000008860000000002603310005000000000054669
00100001000000000000000008870000000001328930005000000000027907
00100001000000000000000008880000000000239670005000000000005033
00100001000000000000000008890000000000192560005000000000004044
00100001000000000000000008900000000003119830005000000000065517
00100001000000000000000008910000000000227270005000000000004773
00100001000000000000000008920000000004504130005000000000094587
00100001000000000000000008930000000000363640005000000000007636
00100001000000000000000008940000000000574380005000000000012062
00100001000000000000000008950000000000268600005000000000005640
00100001000000000000000008960000000000442150005000000000009285

