00100001000000000000000010820000000000144630005000000000003037
00100001000000000000000010830000000000454550005000000000009545
00100001000000000000000010840000000002471070005000000000051893
00100001000000000000000010850000000000934710005000000000019629
00100001000000000000000010860000000006632230005000000000139277
00100001000000000000000010880000000000449590005000000000009441
00100001000000000000000010890000000008495040005000000000178396
00100001000000000000000010900000000001611570005000000000033843
00100001000000000000000010910000000000231400005000000000004860
00100001000000000000000010920000000002803310005000000000058869
00100001000000000000000010930000000003190080005000000000066992
08000001000000000000000010940000000002665290005000000000055971
00100001000000000000000010950000000000289260005000000000006074
00100001000000000000000010960000000001029750005000000000021625
00100001000000000000000010970000000000078510005000000000001649
00100001000000000000000010980000000010526450005000000000221055
00100001000000000000000010990000000000446280005000000000009372
00100001000000000000000011000000000000942150005000000000019785
00100001000000000000000011010000000005785120005000000000121488
00100001000000000000000011020000000000460330005000000000009667
00100001000000000000000011030000000000144630005000000000003037
00100001000000000000000011040000000000185950005000000000003905
00100001000000000000000011050000000001710740005000000000035926
00100001000000000000000011060000000001066120005000000000022388
00100001000000000000000011070000000000227270005000000000004773
00100001000000000000000011080000000008206610005000000000172339
00100001000000000000000011090000000001417360005000000000029764
00100001000000000000000011100000000001157020005000000000024298
00100001000000000000000011110000000000392560005000000000008244
00100001000000000000000011120000000000719010005000000000015099
00100001000000000000000011130000000001438020005000000000030198
00100001000000000000000011140000000001438020005000000000030198
00100001000000000000000011150000000002364460005000000000049654
00100001000000000000000011160000000001231400005000000000025860
00100001000000000000000011170000000000860330005000000000018067
00100001000000000000000011180000000001334710005000000000028029
00100001000000000000000011190000000000198350005000000000004165
00100001000000000000000011200000000004105790005000000000086221
00100001000000000000000011210000000001202480005000000000025252
00100001000000000000000011220000000000297520005000000000006248
00100001000000000000000011230000000001809920005000000000038008
00100001000000000000000011240000000001052070005000000000022093
00100001000000000000000011250000000000890910005000000000018709
00100001000000000000000011260000000000409090005000000000008591
00100001000000000000000011270000000000380170005000000000007983
00100001000000000000000011280000000000148760005000000000003124
00100001000000000000000011290000000003809920005000000000080008
00100001000000000000000011300000000000954550005000000000020045
00600001000000000000000136940000000004958680005000000000104132
00300001000000000000000000190000000001438020005000000000030198
00600001000000000000000221800000000000371900005000000000007810
00600001000000000000000221810000000000337190005000000000007081
00600001000000000000000221820000000000342980005000000000007202
00600001000000000000000221830000000001328100005000000000027890
00600001000000000000000221840000000000177690005000000000003731
00600001000000000000000221850000000000719010005000000000015099
00600001000000000000000221860000000000309920005000000000006508
00600001000000000000000221870000000000450410005000000000009459
00600001000000000000000221880000000000285120005000000000005988
00600001000000000000000221890000000000099170005000000000002083
00600001000000000000000221900000000000078510005000000000001649
00600001000000000000000221910000000000690080005000000000014492
00600001000000000000000221920000000000818180005000000000017182
00600001000000000000000221930000000001033060005000000000021694
00600001000000000000000221940000000000090910005000000000001909
00600001000000000000000221950000000000822310005000000000017269
00600001000000000000000221960000000000479340005000000000010066
00600001000000000000000221970000000000557850005000000000011715
00600001000000000000000221980000000000661160005000000000013884
00600001000000000000000221990000000000247930005000000000005207
00600001000000000000000222000000000000326450005000000000006855
00600001000000000000000222010000000001808260005000000000037974
00600001000000000000000222020000000000049590005000000000001041
00600001000000000000000222030000000002041320005000000000042868
00600001000000000000000222040000000000392560005000000000008244
00600001000000000000000222050000000000566120005000000000011888
00600001000000000000000222060000000000243800005000000000005120
00600001000000000000000222070000000000322310005000000000006769
00600001000000000000000222080000000000264460005000000000005554
00600001000000000000000222090000000001520660005000000000031934
00600001000000000000000222100000000000409090005000000000008591
00600001000000000000000222110000000000280990005000000000005901
00600001000000000000000222120000000001111570005000000000023343
00600001000000000000000222130000000000731400005000000000015360
00600001000000000000000222140000000001043800005000000000021920
00600001000000000000000222150000000000144630005000000000003037
00600001000000000000000222160000000000260330005000000000005467
00600001000000000000000222170000000000404960005000000000008504
00600001000000000000000222180000000000049590005000000000001041
00600001000000000000000222190000000000673550005000000000014145
00600001000000000000000222200000000000289260005000000000006074
00600001000000000000000222210000000000107440005000000000002256
00600001000000000000000222220000000000125620005000000000002638
00600001000000000000000222230000000000107440005000000000002256
00600001000000000000000222240000000001400830005000000000029417
00600001000000000000000222250000000000491740005000000000010326
00600001000000000000000222260000000000199170005000000000004183
00600001000000000000000222270000000000942150005000000000019785
00600001000000000000000222280000000001074380005000000000022562
00600001000000000000000222290000000000454550005000000000009545
00600001000000000000000222300000000000378510005000000000007949
00600001000000000000000222310000000000206610005000000000004339
00600001000000000000000222320000000000466940005000000000009806
00600001000000000000000222330000000000347110005000000000007289
00600001000000000000000222340000000000657020005000000000013798
00600001000000000000000222350000000000438020005000000000009198
00600001000000000000000222360000000000909090005000000000019091
00600001000000000000000222370000000001198350005000000000025165
00600001000000000000000222380000000003322310005000000000069769
00600001000000000000000222390000000008483470005000000000178153
00600001000000000000000222400000000000235540005000000000004946
00600001000000000000000222410000000000481820005000000000010118
00600001000000000000000222420000000000285120005000000000005988
00600001000000000000000222430000000000797520005000000000016748
00600001000000000000000222440000000000231400005000000000004860
00600001000000000000000222450000000000148760005000000000003124
00600001000000000000000222460000000000703310005000000000014769
00600001000000000000000222470000000000033060005000000000000694
00600001000000000000000222480000000002578510005000000000054149
00600001000000000000000222490000000000123970005000000000002603
00600001000000000000000222500000000000487600005000000000010240
00600001000000000000000222510000000000078510005000000000001649
00600001000000000000000222520000000000785120005000000000016488
00600001000000000000000222530000000000289260005000000000006074
00600001000000000000000222540000000000161980005000000000003402
00600001000000000000000222550000000001492560005000000000031344
00600001000000000000000222560000000000308260005000000000006474
00600001000000000000000222570000000000314050005000000000006595
00600001000000000000000222580000000000632230005000000000013277
00600001000000000000000222590000000000730580005000000000015342
00600001000000000000000222600000000001293390005000000000027161
00600001000000000000000222610000000000227270005000000000004773
00600001000000000000000222620000000000305790005000000000006421
00600001000000000000000222630000000001545450005000000000032455
00600001000000000000000222640000000001586780005000000000033322
00600001000000000000000222650000000000177690005000000000003731
00600001000000000000000222660000000000165290005000000000003471
00600001000000000000000222670000000000185950005000000000003905
00600001000000000000000222680000000000347110005000000000007289
00600001000000000000000222690000000000648760005000000000013624
00600001000000000000000222700000000000298350005000000000006265
00600001000000000000000222710000000000793390005000000000016661
00600001000000000000000222720000000000475210005000000000009979
00600001000000000000000222730000000000371900005000000000007810
00600001000000000000000222740000000000585950005000000000012305
00600001000000000000000222750000000000483470005000000000010153
00600001000000000000000222760000000000433880005000000000009112
00600001000000000000000222770000000000123970005000000000002603
00600001000000000000000222780000000000396690005000000000008331
00600001000000000000000222790000000000134710005000000000002829
00600001000000000000000222800000000000209090005000000000004391
00600001000000000000000222810000000000454550005000000000009545
00600001000000000000000222820000000000285120005000000000005988
00600001000000000000000222830000000000227270005000000000004773
00600001000000000000000222840000000001722310005000000000036169
00600001000000000000000222850000000000305790005000000000006421
00600001000000000000000222860000000000508260005000000000010674
00600001000000000000000222870000000001031400005000000000021660
00600001000000000000000222880000000000929750005000000000019525
00600001000000000000000222890000000000475210005000000000009979
00600001000000000000000222900000000000206610005000000000004339
00600001000000000000000222910000000000578510005000000000012149
00600001000000000000000222920000000000280990005000000000005901
00600001000000000000000222930000000000276860005000000000005814
00600001000000000000000222940000000001657020005000000000034798
00600001000000000000000222950000000000735540005000000000015446
00600001000000000000000222960000000001400830005000000000029417
00600001000000000000000222970000000000390910005000000000008209
00600001000000000000000222980000000001103310005000000000023169
00600001000000000000000222990000000000095040005000000000001996
00600001000000000000000223000000000000289260005000000000006074
00600001000000000000000223010000000000123970005000000000002603
00600001000000000000000223020000000000396690005000000000008331
00600001000000000000000223030000000000066120005000000000001388
00600001000000000000000223040000000000603310005000000000012669
00600001000000000000000223050000000000958680005000000000020132
00600001000000000000000223060000000000914880005000000000019212
00600001000000000000000223070000000000367770005000000000007723
00600001000000000000000223080000000001914880005000000000040212
00600001000000000000000223090000000000433880005000000000009112
00600001000000000000000223100000000000247930005000000000005207
00600001000000000000000223110000000000000830005000000000000017
00600001000000000000000223120000000000946280005000000000019872
00600001000000000000000223130000000000351240005000000000007376
00600001000000000000000223140000000000453720005000000000009528
00600001000000000000000223150000000000148760005000000000003124
00600001000000000000000223160000000000479340005000000000010066
00600001000000000000000223170000000001330580005000000000027942
00600001000000000000000223180000000000454550005000000000009545
00600001000000000000000223190000000000322310005000000000006769
00600001000000000000000223200000000000553720005000000000011628
00600001000000000000000223210000000000144630005000000000003037
00600001000000000000000223220000000001537190005000000000032281
00600001000000000000000223230000000000231400005000000000004860
00600001000000000000000223240000000000165290005000000000003471
00600001000000000000000223250000000000326450005000000000006855
00600001000000000000000223260000000000652890005000000000013711
00600001000000000000000223270000000001157020005000000000024298
00600001000000000000000223280000000000669420005000000000014058
00600001000000000000000223290000000000074380005000000000001562
00600001000000000000000223300000000000309920005000000000006508
00600001000000000000000223310000000000243800005000000000005120
00600001000000000000000223320000000000268600005000000000005640
00600001000000000000000223330000000000824790005000000000017321
00600001000000000000000223340000000001673550005000000000035145
00600001000000000000000223350000000000053720005000000000001128
00600001000000000000000223360000000000115700005000000000002430
00600001000000000000000223370000000000066120005000000000001388
00600001000000000000000223380000000000890910005000000000018709
00600001000000000000000223390000000000165290005000000000003471
00600001000000000000000223400000000000743800005000000000015620
00600001000000000000000223410000000000280170005000000000005883
00600001000000000000000223420000000000235540005000000000004946
00600001000000000000000223430000000001132230005000000000023777
00600001000000000000000223440000000001136360005000000000023864
00600001000000000000000223450000000000194210005000000000004079
00600001000000000000000223460000000000095040005000000000001996
00600001000000000000000223470000000000553720005000000000011628
00600001000000000000000223480000000000285120005000000000005988
00600001000000000000000223490000000000376030005000000000007897
00600001000000000000000223500000000002231400005000000000046860
00600001000000000000000223510000000000590080005000000000012392
00600001000000000000000223520000000000977690005000000000020531
00600001000000000000000223530000000000376030005000000000007897
00600001000000000000000223540000000000190080005000000000003992
00600001000000000000000223550000000000841320005000000000017668
00600001000000000000000223560000000000090910005000000000001909
00600001000000000000000223570000000000185950005000000000003905
00600001000000000000000223580000000000392560005000000000008244
00600001000000000000000223590000000000568600005000000000011940
00600001000000000000000223600000000000167770005000000000003523
00600001000000000000000223610000000000388430005000000000008157
00600001000000000000000223620000000000161160005000000000003384
00600001000000000000000223630000000000239670005000000000005033
00600001000000000000000223640000000001723140005000000000036186
00600001000000000000000223650000000001144630005000000000024037
00600001000000000000000223660000000000593390005000000000012461
00600001000000000000000223670000000000475210005000000000009979
00600001000000000000000223680000000000599170005000000000012583
00600001000000000000000223690000000000355370005000000000007463
00600001000000000000000223700000000000396690005000000000008331
00600001000000000000000223710000000000782640005000000000016436
00600001000000000000000223720000000000198350005000000000004165
00600001000000000000000223730000000000173550005000000000003645
00600001000000000000000223740000000000851240005000000000017876
00600001000000000000000223750000000000318180005000000000006682
00600001000000000000000223760000000000000830005000000000000017
00600001000000000000000223770000000000411570005000000000008643
00600001000000000000000223780000000000210740005000000000004426
00600001000000000000000223790000000000495870005000000000010413
00600001000000000000000223800000000000392560005000000000008244
00600001000000000000000223810000000000376030005000000000007897
00600001000000000000000223820000000001416530005000000000029747
00600001000000000000000223830000000000462810005000000000009719
00600001000000000000000223840000000004952890005000000000104011
00600001000000000000000223850000000000180170005000000000003783
00600001000000000000000223860000000000214880005000000000004512
00600001000000000000000223870000000000614050005000000000012895
00600001000000000000000223880000000000657020005000000000013798
00600001000000000000000223890000000000256200005000000000005380
00600001000000000000000223900000000000545450005000000000011455
00600001000000000000000223910000000000928100005000000000019490
00600001000000000000000223920000000000361980005000000000007602
00600001000000000000000223930000000000466940005000000000009806
00600001000000000000000223940000000000090910005000000000001909
00600001000000000000000223950000000000090910005000000000001909
00600001000000000000000223960000000001574380005000000000033062
00600001000000000000000223970000000001246280005000000000026172
00600001000000000000000223980000000001056200005000000000022180
00600001000000000000000223990000000001652890005000000000034711
00600001000000000000000224000000000000892560005000000000018744
00600001000000000000000224010000000000537190005000000000011281
00600001000000000000000224020000000000475210005000000000009979
00600001000000000000000224030000000000776860005000000000016314
00600001000000000000000224040000000000760330005000000000015967
00600001000000000000000224050000000000185950005000000000003905
00600001000000000000000224060000000000268600005000000000005640
00600001000000000000000224070000000001119010005000000000023499
00600001000000000000000224080000000000607440005000000000012756
00600001000000000000000224090000000000392560005000000000008244
00600001000000000000000224100000000000202480005000000000004252
00600001000000000000000224110000000000194210005000000000004079
00600001000000000000000224120000000000595040005000000000012496
00600001000000000000000224130000000000280990005000000000005901
00600001000000000000000224140000000000201650005000000000004235
00600001000000000000000224150000000000322310005000000000006769
00600001000000000000000224160000000000574380005000000000012062
00600001000000000000000224170000000000454550005000000000009545
00600001000000000000000224180000000000487600005000000000010240
00600001000000000000000224190000000000285120005000000000005988
00600001000000000000000224200000000000127270005000000000002673
00600001000000000000000224210000000004958680005000000000104132
00600001000000000000000224220000000000190080005000000000003992
00600001000000000000000224230000000000516530005000000000010847
00600001000000000000000224240000000000512400005000000000010760
00600001000000000000000224250000000000194210005000000000004079
00600001000000000000000224260000000000185950005000000000003905
00600001000000000000000224270000000002190910005000000000046009
00600001000000000000000224280000000000123970005000000000002603
00600001000000000000000224290000000000155370005000000000003263
00600001000000000000000224300000000000607440005000000000012756
00600001000000000000000224310000000000090910005000000000001909
00600001000000000000000224320000000001855370005000000000038963
00600001000000000000000224330000000000773550005000000000016245
00600001000000000000000224340000000000256200005000000000005380
00600001000000000000000224350000000000264460005000000000005554
00600001000000000000000224360000000000475210005000000000009979
00600001000000000000000224370000000003066120005000000000064388
00600001000000000000000224380000000000844630005000000000017737
00600001000000000000000224390000000000528930005000000000011107
00600001000000000000000224400000000000859500005000000000018050
00600001000000000000000224410000000000268600005000000000005640
00600001000000000000000224420000000000173550005000000000003645
00600001000000000000000224440000000000745450005000000000015655
00600001000000000000000224450000000000198350005000000000004165
00600001000000000000000224460000000000471070005000000000009893
00600001000000000000000224470000000000243800005000000000005120
00600001000000000000000224480000000000438020005000000000009198
00600001000000000000000224490000000000227270005000000000004773
00600001000000000000000224500000000001479340005000000000031066
00600001000000000000000224510000000000430580005000000000009042
00600001000000000000000224520000000000805790005000000000016921
00600001000000000000000224530000000002586780005000000000054322
00600001000000000000000224540000000000702480005000000000014752
00600001000000000000000224550000000000194210005000000000004079
00600001000000000000000224560000000000264460005000000000005554
00600001000000000000000224570000000000330580005000000000006942
00600001000000000000000224590000000000276860005000000000005814
00600001000000000000000224600000000000228930005000000000004807
00600001000000000000000224610000000000619830005000000000013017
00600001000000000000000224620000000000834710005000000000017529
00600001000000000000000224630000000000285120005000000000005988
00600001000000000000000224640000000000776860005000000000016314
00600001000000000000000224650000000000822310005000000000017269
00600001000000000000000224660000000000442980005000000000009302
00600001000000000000000224670000000000390910005000000000008209
00600001000000000000000224680000000000524790005000000000011021
00600001000000000000000224690000000000919830005000000000019317
00600001000000000000000224700000000000243800005000000000005120
00600001000000000000000224710000000000061980005000000000001302
00600001000000000000000224720000000000289260005000000000006074
00600001000000000000000224730000000000074380005000000000001562
00600001000000000000000224740000000000450410005000000000009459
00600001000000000000000224750000000001998350005000000000041965
00600001000000000000000224760000000000574380005000000000012062
00600001000000000000000224770000000000553720005000000000011628
00600001000000000000000224780000000000276860005000000000005814
00600001000000000000000224790000000000147110005000000000003089
00600001000000000000000224800000000000363640005000000000007636
00600001000000000000000224810000000003148760005000000000066124
00600001000000000000000224820000000001188430005000000000024957
00600001000000000000000224830000000003888430005000000000081657
00600001000000000000000224840000000000752070005000000000015793
00600001000000000000000224850000000000111570005000000000002343
00600001000000000000000224860000000000685950005000000000014405
00600001000000000000000224870000000000448760005000000000009424
00600001000000000000000224880000000000576860005000000000012114
00600001000000000000000224890000000001016530005000000000021347
00600001000000000000000224900000000000285120005000000000005988
00600001000000000000000224910000000000330580005000000000006942
00600001000000000000000224920000000000925620005000000000019438
00600001000000000000000224930000000000929750005000000000019525
00600001000000000000000224940000000000433880005000000000009112
00600001000000000000000224950000000000733880005000000000015412
00600001000000000000000224960000000001186780005000000000024922
00600001000000000000000224970000000000074380005000000000001562
00600001000000000000000224980000000000289260005000000000006074
00600001000000000000000224990000000000280990005000000000005901
00600001000000000000000225000000000000309920005000000000006508
00600001000000000000000225010000000000119830005000000000002517
00600001000000000000000225020000000000776860005000000000016314
00600001000000000000000225030000000001166940005000000000024506
00600001000000000000000225040000000000219010005000000000004599
00600001000000000000000225050000000000495040005000000000010396
00600001000000000000000225060000000000114050005000000000002395
00600001000000000000000225070000000000573550005000000000012045
00600001000000000000000225080000000000446280005000000000009372
00600001000000000000000225090000000000623970005000000000013103
00600001000000000000000225100000000000438020005000000000009198
00600001000000000000000225110000000000163640005000000000003436
00600001000000000000000225120000000000144630005000000000003037
00600001000000000000000225130000000000123970005000000000002603
00600001000000000000000225140000000000163640005000000000003436
00600001000000000000000225150000000001115700005000000000023430
00600001000000000000000225160000000000326450005000000000006855
00600001000000000000000225170000000001074380005000000000022562
00600001000000000000000225180000000000177690005000000000003731
00600001000000000000000225190000000001413220005000000000029678
00600001000000000000000225200000000000690080005000000000014492
00600001000000000000000225210000000000409090005000000000008591
00600001000000000000000225220000000000404960005000000000008504
00600001000000000000000225230000000000504130005000000000010587
00600001000000000000000225240000000000285120005000000000005988
00600001000000000000000225250000000000314050005000000000006595
00600001000000000000000225260000000000185950005000000000003905
00600001000000000000000225270000000000537190005000000000011281
00600001000000000000000225280000000000140500005000000000002950
00600001000000000000000225290000000000607440005000000000012756
00600001000000000000000225300000000001157020005000000000024298
00600001000000000000000225310000000000223140005000000000004686
00600001000000000000000225320000000000264460005000000000005554
00600001000000000000000225330000000000706610005000000000014839
00600001000000000000000225340000000000086780005000000000001822
00600001000000000000000225350000000000458680005000000000009632
00600001000000000000000225360000000000289260005000000000006074
00600001000000000000000225370000000000161160005000000000003384
00600001000000000000000225380000000000206610005000000000004339
00600001000000000000000225390000000000326450005000000000006855
00600001000000000000000225400000000000899170005000000000018883
00600001000000000000000225410000000000254550005000000000005345
00600001000000000000000225420000000007909090005000000000166091
00600001000000000000000225430000000003219010005000000000067599
00600001000000000000000225440000000002370250005000000000049775
00600001000000000000000225450000000001438020005000000000030198
00600001000000000000000225460000000000144630005000000000003037
00600001000000000000000225470000000000747930005000000000015707
00600001000000000000000225480000000000206610005000000000004339
00600001000000000000000225490000000000243800005000000000005120
00600001000000000000000225500000000004169420005000000000087558
00600001000000000000000225510000000000301650005000000000006335
00600001000000000000000225520000000000128100005000000000002690
00600001000000000000000225530000000001210740005000000000025426
00600001000000000000000225540000000001114050005000000000023395
00600001000000000000000225550000000000123970005000000000002603
00600001000000000000000225560000000000516530005000000000010847
00600001000000000000000225570000000000227270005000000000004773
00600001000000000000000225580000000002133060005000000000044794
00600001000000000000000225590000000000537190005000000000011281
00600001000000000000000225600000000000553720005000000000011628
00600001000000000000000225610000000001297520005000000000027248
00600001000000000000000225620000000000327270005000000000006873
00600001000000000000000225630000000000272730005000000000005727
00600001000000000000000225640000000000057850005000000000001215
00600001000000000000000225650000000003595040005000000000075496
00600001000000000000000225660000000000214880005000000000004512
00600001000000000000000225670000000000173550005000000000003645
00600001000000000000000225680000000000090910005000000000001909
00600001000000000000000225690000000000152890005000000000003211
00600001000000000000000225700000000000508260005000000000010674
00600001000000000000000225710000000000246280005000000000005172
00600001000000000000000225720000000000227270005000000000004773
00600001000000000000000225730000000000392560005000000000008244
00600001000000000000000225740000000000514880005000000000010812
00600001000000000000000225750000000002685950005000000000056405
00600001000000000000000225760000000000024790005000000000000521
00600001000000000000000225770000000000132230005000000000002777
00600001000000000000000225780000000000115700005000000000002430
00600001000000000000000225790000000000198350005000000000004165
00600001000000000000000225800000000000289260005000000000006074
00600001000000000000000225810000000000169420005000000000003558
00600001000000000000000225820000000000064460005000000000001354
00600001000000000000000225830000000003539670005000000000074333
00600001000000000000000225840000000001198350005000000000025165
00600001000000000000000225850000000002876030005000000000060397
00600001000000000000000225860000000000706610005000000000014839
00600001000000000000000225870000000000334710005000000000007029
00600001000000000000000225880000000001082640005000000000022736
00600001000000000000000225890000000000207440005000000000004356
00600001000000000000000225900000000001231400005000000000025860
00600001000000000000000225910000000000805790005000000000016921
00600001000000000000000225920000000000900830005000000000018917
00600001000000000000000225930000000000144630005000000000003037
00600001000000000000000225940000000001215700005000000000025530
00600001000000000000000225950000000000432230005000000000009077
00600001000000000000000225960000000000574380005000000000012062
00600001000000000000000225970000000000198350005000000000004165
00600001000000000000000225980000000000396690005000000000008331
00600001000000000000000225990000000000409090005000000000008591
00600001000000000000000226000000000000264460005000000000005554
00600001000000000000000226010000000000295040005000000000006196
00600001000000000000000226020000000001414050005000000000029695
00600001000000000000000226030000000000330580005000000000006942
00600001000000000000000226040000000000115700005000000000002430
00600001000000000000000226050000000000446280005000000000009372
00600001000000000000000226060000000000785120005000000000016488
00600001000000000000000226070000000001795870005000000000037713
00600001000000000000000226080000000000924790005000000000019421
00600001000000000000000226090000000000892560005000000000018744
00600001000000000000000226100000000000409090005000000000008591
00600001000000000000000226110000000000574380005000000000012062
00600001000000000000000226120000000000766940005000000000016106
00600001000000000000000226130000000000359500005000000000007550
00600001000000000000000226140000000000909090005000000000019091
00600001000000000000000226150000000000896690005000000000018831
00600001000000000000000226160000000000490080005000000000010292
00600001000000000000000226170000000001185950005000000000024905
00600001000000000000000226180000000001380170005000000000028983
00600001000000000000000226190000000001219010005000000000025599
00600001000000000000000226200000000000438020005000000000009198
00600001000000000000000226210000000000099170005000000000002083
00600001000000000000000226220000000000942150005000000000019785
00600001000000000000000226230000000000388430005000000000008157
00600001000000000000000226240000000000516530005000000000010847
00600001000000000000000226250000000000214880005000000000004512
00600001000000000000000226260000000000578510005000000000012149
00600001000000000000000226270000000000161160005000000000003384
00600001000000000000000226280000000000830580005000000000017442
00600001000000000000000226290000000000256200005000000000005380
00600001000000000000000226300000000000557850005000000000011715
00600001000000000000000226310000000000239670005000000000005033
00600001000000000000000226320000000000380170005000000000007983
00600001000000000000000226330000000000392560005000000000008244
00600001000000000000000226340000000002487600005000000000052240
00600001000000000000000226350000000000231400005000000000004860
00600001000000000000000226370000000000438020005000000000009198
00600001000000000000000226380000000000549590005000000000011541
00600001000000000000000226390000000000595040005000000000012496
00600001000000000000000226400000000000842980005000000000017702
00600001000000000000000226410000000000475210005000000000009979
00600001000000000000000226420000000000942150005000000000019785
00600001000000000000000226430000000000185950005000000000003905
00600001000000000000000226440000000000801650005000000000016835
00600001000000000000000226450000000000859500005000000000018050
00600001000000000000000226460000000000228930005000000000004807
00600001000000000000000226470000000000376030005000000000007897
00600001000000000000000226480000000000260330005000000000005467
00600001000000000000000226490000000000252070005000000000005293
00600001000000000000000226500000000000550410005000000000011559
00600001000000000000000226510000000000367770005000000000007723
00600001000000000000000226520000000000743800005000000000015620
00600001000000000000000226530000000001571070005000000000032993
00600001000000000000000226540000000000078510005000000000001649
00600001000000000000000226550000000000061980005000000000001302
00600001000000000000000226560000000000520660005000000000010934
00600001000000000000000226570000000000115700005000000000002430
00600001000000000000000226580000000000694210005000000000014579
00600001000000000000000226590000000001074380005000000000022562
00600001000000000000000226600000000000938020005000000000019698
00600001000000000000000226610000000000409090005000000000008591
00600001000000000000000226620000000000729750005000000000015325
00600001000000000000000226630000000001177690005000000000024731
00600001000000000000000226640000000000698350005000000000014665
00600001000000000000000226650000000000305790005000000000006421
00600001000000000000000226660000000000136360005000000000002864
00600001000000000000000226670000000001227270005000000000025773
00600001000000000000000226680000000000376030005000000000007897
00600001000000000000000226690000000000169420005000000000003558
00600001000000000000000226700000000000479340005000000000010066
00600001000000000000000226710000000001041320005000000000021868
00600001000000000000000226720000000000276860005000000000005814
00600001000000000000000226730000000001690080005000000000035492
00600001000000000000000226740000000000448760005000000000009424
00600001000000000000000226750000000000337190005000000000007081
00600001000000000000000226760000000000280990005000000000005901
00600001000000000000000226770000000001033060005000000000021694
00600001000000000000000226780000000001090910005000000000022909
00600001000000000000000226790000000000371900005000000000007810
00600001000000000000000226800000000000272730005000000000005727
00600001000000000000000226810000000000543800005000000000011420
00600001000000000000000226820000000000351240005000000000007376
00600001000000000000000226830000000000272730005000000000005727
00600001000000000000000226840000000000599170005000000000012583
00600001000000000000000226850000000001851240005000000000038876
00600001000000000000000226860000000002446280005000000000051372
00600001000000000000000226870000000001705790005000000000035821
00600001000000000000000226880000000001297520005000000000027248
00600001000000000000000226890000000000367770005000000000007723
00600001000000000000000226900000000000785120005000000000016488
00600001000000000000000226910000000001322310005000000000027769
00600001000000000000000226920000000001669420005000000000035058
00600001000000000000000226930000000004752070005000000000099793
00600001000000000000000226940000000000624790005000000000013121
00600001000000000000000226950000000000086780005000000000001822
00600001000000000000000226960000000000247930005000000000005207
00600001000000000000000226970000000000446280005000000000009372
00600001000000000000000226980000000000404960005000000000008504
00600001000000000000000226990000000000338840005000000000007116
00600001000000000000000227000000000001072730005000000000022527
00600001000000000000000227010000000000504130005000000000010587
00600001000000000000000227020000000000173550005000000000003645
00600001000000000000000227030000000000508260005000000000010674
00600001000000000000000227040000000000545450005000000000011455
00600001000000000000000227050000000000322310005000000000006769
00600001000000000000000227060000000000159500005000000000003350
00600001000000000000000227070000000000206610005000000000004339
00600001000000000000000227080000000002465290005000000000051771
00600001000000000000000227090000000000929750005000000000019525
00600001000000000000000227100000000000119830005000000000002517
00600001000000000000000227110000000003108260005000000000065274
00600001000000000000000227120000000004571900005000000000096010
00600001000000000000000227130000000000824790005000000000017321
00600001000000000000000227140000000000152890005000000000003211
00600001000000000000000227150000000001834710005000000000038529
00600001000000000000000227160000000001623970005000000000034103
00600001000000000000000227170000000000876030005000000000018397
00600001000000000000000227180000000000805790005000000000016921
00600001000000000000000227190000000000289260005000000000006074
00600001000000000000000227210000000000037190005000000000000781
00600001000000000000000227220000000000559500005000000000011750
00600001000000000000000227230000000000900000005000000000018900
00600001000000000000000227240000000000574380005000000000012062
00600001000000000000000227250000000000099170005000000000002083
00600001000000000000000227260000000000504130005000000000010587
00600001000000000000000227270000000000743800005000000000015620
00600001000000000000000227280000000002314050005000000000048595
00600001000000000000000227290000000001776860005000000000037314
00600001000000000000000227300000000000694210005000000000014579
00600001000000000000000227310000000000471070005000000000009893
00600001000000000000000227320000000000772730005000000000016227
00600001000000000000000227330000000000392560005000000000008244
00600001000000000000000227340000000000652890005000000000013711
00600001000000000000000227350000000000227270005000000000004773
00600001000000000000000227360000000001041320005000000000021868
00600001000000000000000227370000000000549590005000000000011541
00600001000000000000000227380000000000386780005000000000008122
00600001000000000000000227390000000000454550005000000000009545
00600001000000000000000227400000000000355370005000000000007463
00600001000000000000000227410000000000293390005000000000006161
00600001000000000000000227420000000000520660005000000000010934
00600001000000000000000227430000000000206610005000000000004339
00600001000000000000000227440000000000177690005000000000003731
00600001000000000000000227450000000001760330005000000000036967
00600001000000000000000227460000000000341320005000000000007168
00600001000000000000000227470000000000219010005000000000004599
00600001000000000000000227480000000000376030005000000000007897
00600001000000000000000227490000000000219010005000000000004599
00600001000000000000000227500000000000239670005000000000005033
00600001000000000000000227510000000000082640005000000000001736
00600001000000000000000227520000000000579340005000000000012166
00600001000000000000000227530000000000659500005000000000013850
00600001000000000000000227540000000000285120005000000000005988
00600001000000000000000227550000000000301650005000000000006335
00600001000000000000000227560000000001136360005000000000023864
00600001000000000000000227570000000000557850005000000000011715
00600001000000000000000227580000000000413220005000000000008678
00600001000000000000000227590000000001422310005000000000029869
00600001000000000000000227600000000000483470005000000000010153
00600001000000000000000227610000000000327270005000000000006873
00600001000000000000000227620000000000351240005000000000007376
00600001000000000000000227630000000000633060005000000000013294
00600001000000000000000227640000000000173550005000000000003645
00600001000000000000000227650000000001217360005000000000025564
00600001000000000000000227660000000000698350005000000000014665
00600001000000000000000227670000000000409090005000000000008591
00600001000000000000000227680000000000694210005000000000014579
00600001000000000000000227690000000000115700005000000000002430
00600001000000000000000227700000000000504130005000000000010587
00600001000000000000000227710000000000814050005000000000017095
00600001000000000000000227720000000000202480005000000000004252
00600001000000000000000227730000000000357850005000000000007515
00600001000000000000000227740000000003223140005000000000067686
00600001000000000000000227750000000000309920005000000000006508
00600001000000000000000227760000000000140500005000000000002950
00600001000000000000000227770000000000747930005000000000015707
00600001000000000000000227780000000002273550005000000000047745
00600001000000000000000227790000000001293390005000000000027161
00600001000000000000000227800000000000400830005000000000008417
00600001000000000000000227810000000000714880005000000000015012
00600001000000000000000227820000000000404960005000000000008504
00600001000000000000000227830000000000347110005000000000007289
00600001000000000000000227840000000000289260005000000000006074
00600001000000000000000227850000000000615700005000000000012930
00600001000000000000000227860000000000454550005000000000009545
00600001000000000000000227870000000000167770005000000000003523
00600001000000000000000227880000000000561980005000000000011802
00600001000000000000000227890000000000090910005000000000001909
00600001000000000000000227900000000000226450005000000000004755
00600001000000000000000227910000000000690080005000000000014492
00600001000000000000000227920000000000907440005000000000019056
00600001000000000000000227930000000000816530005000000000017147
00600001000000000000000227940000000000500000005000000000010500
00600001000000000000000227950000000000363640005000000000007636
00600001000000000000000227960000000000330580005000000000006942
00600001000000000000000227970000000000326450005000000000006855
00600001000000000000000227980000000001519010005000000000031899
00600001000000000000000227990000000000165290005000000000003471
00600001000000000000000228000000000001520660005000000000031934
00600001000000000000000228010000000000347110005000000000007289
00600001000000000000000228020000000000107440005000000000002256
00600001000000000000000228030000000000181820005000000000003818
00600001000000000000000228040000000002057850005000000000043215
00600001000000000000000228050000000000876030005000000000018397
00600001000000000000000228060000000001622310005000000000034069
00600001000000000000000228070000000000566120005000000000011888
00600001000000000000000228080000000000561980005000000000011802
00600001000000000000000228090000000001570250005000000000032975
00600001000000000000000228100000000000462810005000000000009719
00600001000000000000000228110000000000074380005000000000001562
00600001000000000000000228120000000000186780005000000000003922
00600001000000000000000228130000000000578510005000000000012149
00600001000000000000000228140000000000739670005000000000015533
00600001000000000000000228150000000001706610005000000000035839
00600001000000000000000228160000000000586780005000000000012322
00600001000000000000000228170000000000214880005000000000004512
00600001000000000000000228180000000000247930005000000000005207
00600001000000000000000228190000000002056200005000000000043180
00600001000000000000000228200000000000099170005000000000002083
00600001000000000000000228210000000000322310005000000000006769
00600001000000000000000228220000000000399170005000000000008383
00600001000000000000000228230000000001413220005000000000029678
00600001000000000000000228240000000001446280005000000000030372
00600001000000000000000228250000000000400830005000000000008417
00600001000000000000000228260000000000483470005000000000010153
00600001000000000000000228270000000000136360005000000000002864
00600001000000000000000228280000000000163640005000000000003436
00600001000000000000000228290000000000326450005000000000006855
00600001000000000000000228300000000000574380005000000000012062
00600001000000000000000228310000000000371900005000000000007810
00600001000000000000000228320000000000425620005000000000008938
00600001000000000000000228330000000000433880005000000000009112
00600001000000000000000228340000000000327270005000000000006873
00600001000000000000000228350000000000099170005000000000002083
00600001000000000000000228360000000000809920005000000000017008
00600001000000000000000228370000000001204130005000000000025287
00600001000000000000000228390000000002342980005000000000049202
00600001000000000000000228400000000000533060005000000000011194
00600001000000000000000228410000000001289260005000000000027074
00600001000000000000000228420000000000128100005000000000002690
00600001000000000000000228430000000000969420005000000000020358
00600001000000000000000228440000000000533060005000000000011194
00600001000000000000000228450000000001561980005000000000032802
00600001000000000000000228460000000001316530005000000000027647
00600001000000000000000228470000000000194210005000000000004079
00600001000000000000000228480000000000289260005000000000006074
00600001000000000000000228490000000000123970005000000000002603
00600001000000000000000228500000000000959500005000000000020150
00600001000000000000000228510000000000326450005000000000006855
00600001000000000000000228520000000000371900005000000000007810
00600001000000000000000228530000000000136360005000000000002864
00600001000000000000000228540000000000318180005000000000006682
00600001000000000000000228550000000000396690005000000000008331
00600001000000000000000228560000000000413220005000000000008678
00600001000000000000000228570000000000384300005000000000008070
00600001000000000000000228580000000000523140005000000000010986
00600001000000000000000228590000000001038020005000000000021798
00600001000000000000000228600000000000297520005000000000006248
00600001000000000000000228610000000001760330005000000000036967
00600001000000000000000228620000000000243800005000000000005120
00600001000000000000000228630000000001099170005000000000023083
00600001000000000000000228640000000000734710005000000000015429
00600001000000000000000228650000000000223140005000000000004686
00600001000000000000000228660000000001437190005000000000030181
00600001000000000000000228670000000000938020005000000000019698
00600001000000000000000228680000000002484300005000000000052170
00600001000000000000000228690000000001880170005000000000039483
00600001000000000000000228700000000001301650005000000000027335
00600001000000000000000228710000000000809920005000000000017008
00600001000000000000000228720000000000396690005000000000008331
00600001000000000000000228730000000000363640005000000000007636
00600001000000000000000228740000000000789260005000000000016574
00600001000000000000000228750000000000623970005000000000013103
00600001000000000000000228760000000000328930005000000000006907
00600001000000000000000228770000000005573550005000000000117045
00600001000000000000000228780000000001551240005000000000032576
00600001000000000000000228790000000000557850005000000000011715
00600001000000000000000228800000000000528930005000000000011107
00600001000000000000000228810000000000151240005000000000003176
00600001000000000000000228820000000000371900005000000000007810
00600001000000000000000228830000000001074380005000000000022562
00600001000000000000000228840000000000260330005000000000005467
00600001000000000000000228850000000002000000005000000000042000
00600001000000000000000228860000000000305790005000000000006421
00600001000000000000000228870000000000136360005000000000002864
00600001000000000000000228880000000000264460005000000000005554
00600001000000000000000228890000000000425620005000000000008938
00600001000000000000000228900000000000396690005000000000008331
00600001000000000000000228910000000000144630005000000000003037
00600001000000000000000228920000000000466940005000000000009806
00600001000000000000000228930000000000309920005000000000006508
00600001000000000000000228940000000000663640005000000000013936
00600001000000000000000228950000000000611570005000000000012843
00600001000000000000000228960000000000644630005000000000013537
00600001000000000000000228970000000000223140005000000000004686
00600001000000000000000228980000000000246280005000000000005172
00600001000000000000000228990000000001516530005000000000031847
00600001000000000000000229000000000000661160005000000000013884
00600001000000000000000229010000000000471070005000000000009893
00600001000000000000000229020000000000421490005000000000008851
00600001000000000000000229030000000000268600005000000000005640
00600001000000000000000229040000000000359500005000000000007550
00600001000000000000000229050000000000739670005000000000015533
00600001000000000000000229060000000000064460005000000000001354
00600001000000000000000229070000000002169420005000000000045558
00600001000000000000000229080000000004462810005000000000093719
00600001000000000000000229090000000000925620005000000000019438
00600001000000000000000229100000000000123970005000000000002603
00600001000000000000000229110000000000917360005000000000019264
00600001000000000000000229120000000000524790005000000000011021
00600001000000000000000229130000000000702480005000000000014752
00600001000000000000000229140000000000239670005000000000005033
00600001000000000000000229150000000000855370005000000000017963
00600001000000000000000229160000000001039670005000000000021833
00600001000000000000000229170000000000280990005000000000005901
00600001000000000000000229180000000000528930005000000000011107
00600001000000000000000229190000000000731400005000000000015360
00600001000000000000000229200000000000185950005000000000003905
00600001000000000000000229210000000000363640005000000000007636
00600001000000000000000229220000000000136360005000000000002864
00600001000000000000000229230000000000954550005000000000020045
00600001000000000000000229240000000000400830005000000000008417
00600001000000000000000229250000000001256200005000000000026380
00600001000000000000000229260000000000198350005000000000004165
00600001000000000000000229270000000000264460005000000000005554
00600001000000000000000229280000000000285120005000000000005988
00600001000000000000000229290000000000676860005000000000014214
00600001000000000000000229300000000001417360005000000000029764
00600001000000000000000229310000000001710740005000000000035926
00600001000000000000000229320000000000971070005000000000020393
00600001000000000000000229330000000000425620005000000000008938
00600001000000000000000229340000000000380170005000000000007983
00600001000000000000000229350000000000661160005000000000013884
00600001000000000000000229360000000000809920005000000000017008
00600001000000000000000229370000000000210740005000000000004426
00600001000000000000000229380000000000433880005000000000009112
00600001000000000000000229390000000001074380005000000000022562
00600001000000000000000229400000000000495870005000000000010413
00600001000000000000000229410000000000384300005000000000008070
00600001000000000000000229420000000000923970005000000000019403
00600001000000000000000229430000000000351240005000000000007376
00600001000000000000000229440000000000411570005000000000008643
00600001000000000000000229450000000003372730005000000000070827
00600001000000000000000229460000000000561980005000000000011802
00600001000000000000000229470000000001214880005000000000025512
00600001000000000000000229480000000000413220005000000000008678
00600001000000000000000229490000000000459500005000000000009650
00600001000000000000000229500000000000190080005000000000003992
00600001000000000000000229510000000000243800005000000000005120
00600001000000000000000229520000000000644630005000000000013537
00600001000000000000000229530000000001080990005000000000022701
00600001000000000000000229540000000000429750005000000000009025
00600001000000000000000229550000000000132230005000000000002777
00600001000000000000000229560000000000272730005000000000005727
00600001000000000000000229570000000002016530005000000000042347
00600001000000000000000229580000000000962810005000000000020219
00600001000000000000000229590000000003545450005000000000074455
00600001000000000000000229600000000000256200005000000000005380
00600001000000000000000229610000000000123970005000000000002603
00600001000000000000000229620000000000256200005000000000005380
00600001000000000000000229630000000001363640005000000000028636
00600001000000000000000229640000000000859500005000000000018050
00600001000000000000000229650000000000719010005000000000015099
00600001000000000000000229660000000000676030005000000000014197
00600001000000000000000229670000000000347110005000000000007289
00600001000000000000000229680000000001133060005000000000023794
00600001000000000000000229690000000000276860005000000000005814
00600001000000000000000229700000000001088430005000000000022857
00600001000000000000000229710000000000464460005000000000009754
00600001000000000000000229720000000001235540005000000000025946
00600001000000000000000229730000000001330580005000000000027942
00600001000000000000000229740000000000454550005000000000009545
00600001000000000000000229750000000000177690005000000000003731
00600001000000000000000229760000000000227270005000000000004773
00600001000000000000000229770000000000595040005000000000012496
00600001000000000000000229780000000001198350005000000000025165
00600001000000000000000229790000000000599170005000000000012583
00600001000000000000000229800000000000388430005000000000008157
00600001000000000000000229810000000001442150005000000000030285
00600001000000000000000229820000000000280990005000000000005901
00600001000000000000000229830000000001016530005000000000021347
00600001000000000000000229840000000001983470005000000000041653
00600001000000000000000229850000000000144630005000000000003037
00600001000000000000000229860000000000223140005000000000004686
00600001000000000000000229870000000001719010005000000000036099
00600001000000000000000229880000000001409090005000000000029591
00600001000000000000000229890000000001122310005000000000023569
00600001000000000000000229900000000000318180005000000000006682
00600001000000000000000229910000000000789260005000000000016574
00600001000000000000000229920000000000743800005000000000015620
00600001000000000000000229930000000000190080005000000000003992
00600001000000000000000229940000000000285120005000000000005988
00600001000000000000000229950000000000818180005000000000017182
00600001000000000000000229960000000000318180005000000000006682
00600001000000000000000229970000000000537190005000000000011281
00600001000000000000000229980000000000342980005000000000007202
00600001000000000000000229990000000000625620005000000000013138
00600001000000000000000230000000000000673550005000000000014145
00600001000000000000000230010000000000475210005000000000009979
00600001000000000000000230020000000000433880005000000000009112
00600001000000000000000230030000000000818180005000000000017182
00600001000000000000000230040000000000859500005000000000018050
00600001000000000000000230050000000000272730005000000000005727
00600001000000000000000230060000000000318180005000000000006682
00600001000000000000000230070000000000181820005000000000003818
00600001000000000000000230080000000000347110005000000000007289
00600001000000000000000230090000000000316530005000000000006647
00600001000000000000000230100000000000367770005000000000007723
00600001000000000000000230110000000000681820005000000000014318
00600001000000000000000230120000000000289260005000000000006074
00600001000000000000000230130000000003148760005000000000066124
00600001000000000000000230140000000002132230005000000000044777
00600001000000000000000230150000000000314050005000000000006595
00600001000000000000000230160000000000566120005000000000011888
00600001000000000000000230170000000000785120005000000000016488
00600001000000000000000230180000000003023970005000000000063503
00600001000000000000000230190000000000177690005000000000003731
00600001000000000000000230200000000001685120005000000000035388
00600001000000000000000230210000000000157020005000000000003298
00600001000000000000000230220000000000585120005000000000012288
00600001000000000000000230230000000000838840005000000000017616
00600001000000000000000230240000000000376030005000000000007897
00600001000000000000000230250000000000764460005000000000016054
00600001000000000000000230260000000000380170005000000000007983
00600001000000000000000230270000000000285950005000000000006005
00600001000000000000000230280000000000830580005000000000017442
00600001000000000000000230290000000001925620005000000000040438
00600001000000000000000230300000000000177690005000000000003731
00600001000000000000000230310000000000772730005000000000016227
00600001000000000000000230320000000001764460005000000000037054
00600001000000000000000230330000000000411570005000000000008643
00600001000000000000000230340000000000561980005000000000011802
00600001000000000000000230350000000000400830005000000000008417
00600001000000000000000230360000000000155370005000000000003263
00600001000000000000000230370000000000599170005000000000012583
00600001000000000000000230380000000001454550005000000000030545
00600001000000000000000230390000000000520660005000000000010934
00600001000000000000000230400000000000285120005000000000005988
00600001000000000000000230410000000000724790005000000000015221
00600001000000000000000230420000000000349590005000000000007341
00600001000000000000000230430000000000822310005000000000017269
00600001000000000000000230440000000000276860005000000000005814
00600001000000000000000230450000000000611570005000000000012843
00600001000000000000000230460000000000398350005000000000008365
00600001000000000000000230470000000001348760005000000000028324
00600001000000000000000230480000000000258680005000000000005432
00600001000000000000000230500000000000144630005000000000003037
00600001000000000000000230510000000000452890005000000000009511
00600001000000000000000230520000000000659500005000000000013850
00600001000000000000000230530000000000214880005000000000004512
00600001000000000000000230540000000000570250005000000000011975
00600001000000000000000230550000000000123970005000000000002603
00600001000000000000000230560000000000202480005000000000004252
00600001000000000000000230570000000000714050005000000000014995
00600001000000000000000230580000000000227270005000000000004773
00600001000000000000000230590000000000752070005000000000015793
00600001000000000000000230600000000000411570005000000000008643
00600001000000000000000230610000000000611570005000000000012843
00600001000000000000000230620000000000842980005000000000017702
00600001000000000000000230630000000000495870005000000000010413
00600001000000000000000230640000000001338840005000000000028116
00600001000000000000000230650000000000367770005000000000007723
00600001000000000000000230670000000002370250005000000000049775
00600001000000000000000230680000000000384300005000000000008070
00600001000000000000000230690000000000107440005000000000002256
00600001000000000000000230700000000000318180005000000000006682
00600001000000000000000230710000000000297520005000000000006248
00600001000000000000000230720000000000484300005000000000010170
00600001000000000000000230730000000000698350005000000000014665
00600001000000000000000230740000000000516530005000000000010847
00600001000000000000000230750000000000140500005000000000002950
00600001000000000000000230760000000001198350005000000000025165
00600001000000000000000230770000000000425620005000000000008938
00600001000000000000000230780000000000599170005000000000012583
00600001000000000000000230790000000000721490005000000000015151
00600001000000000000000230800000000000619830005000000000013017
00600001000000000000000230810000000001194210005000000000025079
00600001000000000000000230820000000000672730005000000000014127
00600001000000000000000230830000000000743800005000000000015620
00600001000000000000000230840000000000750410005000000000015759
00600001000000000000000230850000000000468600005000000000009840
00600001000000000000000230870000000000466940005000000000009806
00600001000000000000000230880000000001177690005000000000024731
00600001000000000000000230890000000000673550005000000000014145
00600001000000000000000230900000000000516530005000000000010847
00600001000000000000000230910000000000644630005000000000013537
00600001000000000000000230920000000000246280005000000000005172
00600001000000000000000230930000000000471070005000000000009893
00600001000000000000000230940000000000095040005000000000001996
00600001000000000000000230950000000002727270005000000000057273
00600001000000000000000230960000000000351240005000000000007376
00600001000000000000000230970000000000429750005000000000009025
00600001000000000000000230980000000000119830005000000000002517
00600001000000000000000230990000000000487600005000000000010240
00600001000000000000000231000000000000789260005000000000016574
00600001000000000000000231010000000000614880005000000000012912
00600001000000000000000231020000000000264460005000000000005554
00600001000000000000000231030000000000128100005000000000002690
00600001000000000000000231040000000000247930005000000000005207
00600001000000000000000231050000000000520660005000000000010934
00600001000000000000000231060000000000161160005000000000003384
00600001000000000000000231070000000000198350005000000000004165
00600001000000000000000231080000000000376030005000000000007897
00600001000000000000000231090000000001983470005000000000041653
00600001000000000000000231100000000001570250005000000000032975
00600001000000000000000231110000000000793390005000000000016661
00600001000000000000000231120000000000190080005000000000003992
00600001000000000000000231130000000000163640005000000000003436
00600001000000000000000231140000000000847110005000000000017789
00600001000000000000000231150000000001103310005000000000023169
00600001000000000000000231160000000001833880005000000000038512
00600001000000000000000231170000000000371900005000000000007810
00600001000000000000000231180000000000651240005000000000013676
00600001000000000000000231190000000000260330005000000000005467
00600001000000000000000231200000000001180170005000000000024783
00600001000000000000000231210000000000173550005000000000003645
00600001000000000000000231220000000000457020005000000000009598
00600001000000000000000231230000000002033060005000000000042694
00600001000000000000000231240000000002238020005000000000046998
00600001000000000000000231250000000001028930005000000000021607
00600001000000000000000231260000000000380170005000000000007983
00600001000000000000000231270000000000537190005000000000011281
00600001000000000000000231280000000000477690005000000000010031
00600001000000000000000231290000000002280990005000000000047901
00600001000000000000000231300000000000272730005000000000005727
00600001000000000000000231310000000001301650005000000000027335
00600001000000000000000231320000000001082640005000000000022736
00600001000000000000000231330000000000190080005000000000003992
00600001000000000000000231340000000000912400005000000000019160
00600001000000000000000231350000000000500000005000000000010500
00600001000000000000000231360000000001557850005000000000032715
00600001000000000000000231370000000000553720005000000000011628
00600001000000000000000231380000000000938020005000000000019698
00600001000000000000000231390000000000111570005000000000002343
00600001000000000000000231400000000000719010005000000000015099
00600001000000000000000231410000000000826450005000000000017355
00600001000000000000000231420000000000371900005000000000007810
00600001000000000000000231430000000000446280005000000000009372
00600001000000000000000231440000000000322310005000000000006769
00600001000000000000000231450000000001690080005000000000035492
00600001000000000000000231460000000000438020005000000000009198
00600001000000000000000231470000000000328930005000000000006907
00600001000000000000000231480000000000268600005000000000005640
00600001000000000000000231490000000000396690005000000000008331
00600001000000000000000231500000000000202480005000000000004252
00600001000000000000000231510000000000948760005000000000019924
00600001000000000000000231520000000000462810005000000000009719
00600001000000000000000231530000000000710740005000000000014926
00600001000000000000000231540000000000380170005000000000007983
00600001000000000000000231550000000000420660005000000000008834
00600001000000000000000231560000000001177690005000000000024731
00600001000000000000000231570000000000152890005000000000003211
00600001000000000000000231580000000001177690005000000000024731
00600001000000000000000231590000000000438020005000000000009198
00600001000000000000000231600000000000295870005000000000006213
00600001000000000000000231610000000001169420005000000000024558
00600001000000000000000231620000000001019830005000000000021417
00600001000000000000000231630000000002942150005000000000061785
00600001000000000000000231640000000000425620005000000000008938
00600001000000000000000231650000000000198350005000000000004165
00600001000000000000000231660000000000173550005000000000003645
00600001000000000000000231670000000000702480005000000000014752
00600001000000000000000231680000000000285120005000000000005988
00600001000000000000000231690000000000334710005000000000007029
00600001000000000000000231700000000000165290005000000000003471
00600001000000000000000231710000000002309920005000000000048508
00600001000000000000000231720000000000953720005000000000020028
00600001000000000000000231730000000000297520005000000000006248
00600001000000000000000231740000000000135540005000000000002846
00600001000000000000000231750000000000818180005000000000017182
00600001000000000000000231760000000000235540005000000000004946
00600001000000000000000231770000000000330580005000000000006942
00600001000000000000000000320000000000123970005000000000002603

