00100001000000000000000012050000000000392560005000000000008244
00100001000000000000000012070000000002627270005000000000055173
00100001000000000000000012200000000000950410005000000000019959
00100001000000000000000012210000000001776860005000000000037314
00100001000000000000000012220000000001417360005000000000029764
00100001000000000000000012230000000000411570005000000000008643
00100001000000000000000012240000000000824790005000000000017321
00100001000000000000000012250000000000371900005000000000007810
00100001000000000000000012260000000002407440005000000000050556
00600001000000000000000137040000000002342980005000000000049202
00600001000000000000000247390000000000161160005000000000003384
00600001000000000000000247400000000000585950005000000000012305
00600001000000000000000247410000000000570250005000000000011975
00600001000000000000000247420000000000144630005000000000003037
00600001000000000000000247430000000001080990005000000000022701
00600001000000000000000247440000000000285120005000000000005988
00600001000000000000000247450000000000579340005000000000012166
00600001000000000000000247460000000002250410005000000000047259
00600001000000000000000247470000000000842980005000000000017702
00600001000000000000000247480000000000628100005000000000013190
00600001000000000000000247490000000000495870005000000000010413
00600001000000000000000247500000000000115700005000000000002430
00600001000000000000000247510000000000677690005000000000014231
00600001000000000000000247520000000000824790005000000000017321
00600001000000000000000247530000000000384300005000000000008070
00600001000000000000000247540000000000516530005000000000010847
00600001000000000000000247550000000000699170005000000000014683
00600001000000000000000247560000000000289260005000000000006074
00600001000000000000000247570000000001500000005000000000031500
00600001000000000000000247580000000000557850005000000000011715
00600001000000000000000247590000000000475210005000000000009979
00600001000000000000000247600000000001638840005000000000034416
00600001000000000000000247610000000000221490005000000000004651
00600001000000000000000247620000000001200000005000000000025200
00600001000000000000000247630000000000438020005000000000009198
00600001000000000000000247640000000000413220005000000000008678
00600001000000000000000247650000000002298350005000000000048265
00600001000000000000000247660000000000367770005000000000007723
00600001000000000000000247670000000000152890005000000000003211
00600001000000000000000247680000000000566120005000000000011888
00600001000000000000000247690000000000628100005000000000013190
00600001000000000000000247700000000000330580005000000000006942
00600001000000000000000247710000000000557850005000000000011715
00600001000000000000000247720000000001210740005000000000025426
00600001000000000000000247730000000000752070005000000000015793
00600001000000000000000247740000000000396690005000000000008331
00600001000000000000000247750000000002767770005000000000058123
00600001000000000000000247760000000000586780005000000000012322
00600001000000000000000247770000000000347110005000000000007289
00600001000000000000000247780000000001235540005000000000025946
00600001000000000000000247790000000000173550005000000000003645
00600001000000000000000247800000000000882640005000000000018536
00600001000000000000000247810000000000793390005000000000016661
00600001000000000000000247820000000000876030005000000000018397
00600001000000000000000247830000000000227270005000000000004773
00600001000000000000000247840000000000396690005000000000008331
00600001000000000000000247850000000000640500005000000000013450
00600001000000000000000247860000000000552890005000000000011611
00600001000000000000000247870000000000268600005000000000005640
00600001000000000000000247880000000000413220005000000000008678
00600001000000000000000247900000000001516530005000000000031847
00600001000000000000000247910000000000214880005000000000004512
00600001000000000000000247920000000000841320005000000000017668
00600001000000000000000247930000000001194210005000000000025079
00600001000000000000000247940000000000322310005000000000006769
00600001000000000000000247950000000001314050005000000000027595
00600001000000000000000247960000000000227270005000000000004773
00600001000000000000000247970000000000136360005000000000002864
00600001000000000000000247980000000000413220005000000000008678
00600001000000000000000247990000000001561980005000000000032802
00600001000000000000000248000000000000152890005000000000003211
00600001000000000000000248010000000000805790005000000000016921
00600001000000000000000248020000000000789260005000000000016574
00600001000000000000000248030000000000571070005000000000011993
00600001000000000000000248040000000000749590005000000000015741
00600001000000000000000248050000000000239670005000000000005033
00600001000000000000000248060000000000185950005000000000003905
00600001000000000000000248070000000000194210005000000000004079
00600001000000000000000248080000000000252070005000000000005293
00600001000000000000000248090000000000388430005000000000008157
00600001000000000000000248100000000000247930005000000000005207
00600001000000000000000248110000000002621490005000000000055051
00600001000000000000000248120000000001727270005000000000036273
00600001000000000000000248130000000000747930005000000000015707
00600001000000000000000248140000000000334710005000000000007029
00600001000000000000000248150000000000334710005000000000007029
00600001000000000000000248160000000000209090005000000000004391
00600001000000000000000248170000000000206610005000000000004339
00600001000000000000000248180000000000822310005000000000017269
00600001000000000000000248190000000001031400005000000000021660
00600001000000000000000248200000000001066120005000000000022388
00600001000000000000000248210000000001006610005000000000021139
00600001000000000000000248220000000000202480005000000000004252
00600001000000000000000248230000000000099170005000000000002083
00600001000000000000000248240000000000586780005000000000012322
00600001000000000000000248250000000003305790005000000000069421
00600001000000000000000248260000000000884300005000000000018570
00600001000000000000000248270000000001008260005000000000021174
00600001000000000000000248280000000001041320005000000000021868
00600001000000000000000248290000000000214880005000000000004512
00600001000000000000000248300000000000628930005000000000013207
00600001000000000000000248310000000000202480005000000000004252
00600001000000000000000248320000000000231400005000000000004860
00600001000000000000000248330000000001899170005000000000039883
00600001000000000000000248340000000000409090005000000000008591
00600001000000000000000248350000000000875210005000000000018379
00600001000000000000000248360000000000553720005000000000011628
00600001000000000000000248370000000000537190005000000000011281
00600001000000000000000248380000000000487600005000000000010240
00600001000000000000000248390000000000799170005000000000016783
00600001000000000000000248400000000000545450005000000000011455
00600001000000000000000248410000000000247930005000000000005207
00600001000000000000000248420000000000061980005000000000001302
00600001000000000000000248430000000000826450005000000000017355
00600001000000000000000248440000000003766120005000000000079088
00600001000000000000000248450000000000318180005000000000006682
00600001000000000000000248460000000000202480005000000000004252
00600001000000000000000248470000000000404960005000000000008504
00600001000000000000000248480000000000161980005000000000003402
00600001000000000000000248490000000000223140005000000000004686
00600001000000000000000248500000000000475210005000000000009979
00600001000000000000000248510000000000268600005000000000005640
00600001000000000000000248520000000001454550005000000000030545
00600001000000000000000248530000000000053720005000000000001128
00600001000000000000000248540000000000280990005000000000005901
00600001000000000000000248550000000000310740005000000000006526
00600001000000000000000248560000000000144630005000000000003037
00600001000000000000000248570000000000330580005000000000006942
00600001000000000000000248580000000000165290005000000000003471
00600001000000000000000248590000000000971070005000000000020393
00600001000000000000000248600000000000744630005000000000015637
00600001000000000000000248610000000000619830005000000000013017
00600001000000000000000248620000000001041320005000000000021868
00600001000000000000000248630000000001588430005000000000033357
00600001000000000000000248640000000000421490005000000000008851
00600001000000000000000248650000000000859500005000000000018050
00600001000000000000000248660000000000946280005000000000019872
00600001000000000000000248670000000000309920005000000000006508
00600001000000000000000248680000000001202480005000000000025252
00600001000000000000000248690000000001137190005000000000023881
00600001000000000000000248700000000000805790005000000000016921
00600001000000000000000248710000000000827270005000000000017373
00600001000000000000000248720000000001070250005000000000022475
00600001000000000000000248730000000000396690005000000000008331
00600001000000000000000248740000000000280990005000000000005901
00600001000000000000000248750000000000326450005000000000006855
00600001000000000000000248760000000000404960005000000000008504
00600001000000000000000248780000000001147110005000000000024089
00600001000000000000000248790000000000309920005000000000006508
00600001000000000000000248800000000000719010005000000000015099
00600001000000000000000248810000000000309920005000000000006508
00600001000000000000000248820000000003114050005000000000065395
00600001000000000000000248830000000000723140005000000000015186
00600001000000000000000248840000000000309920005000000000006508
00600001000000000000000248850000000000371900005000000000007810
00600001000000000000000248860000000000144630005000000000003037
00600001000000000000000248870000000000132230005000000000002777
00600001000000000000000248880000000000318180005000000000006682
00600001000000000000000248890000000000607440005000000000012756
00600001000000000000000248900000000000309920005000000000006508
00600001000000000000000248910000000000260330005000000000005467
00600001000000000000000248920000000002448760005000000000051424
00600001000000000000000248930000000000297520005000000000006248
00600001000000000000000248940000000000419830005000000000008817
00600001000000000000000248950000000001588430005000000000033357
00600001000000000000000248960000000000805790005000000000016921
00600001000000000000000248970000000002033060005000000000042694
00600001000000000000000248980000000000268600005000000000005640
00600001000000000000000248990000000000599170005000000000012583
00600001000000000000000249000000000000570250005000000000011975
00600001000000000000000249010000000000152890005000000000003211
00600001000000000000000249020000000001500000005000000000031500
00600001000000000000000249030000000000569420005000000000011958
00600001000000000000000249040000000000206610005000000000004339
00600001000000000000000249050000000000636360005000000000013364
00600001000000000000000249060000000000504130005000000000010587
00600001000000000000000249070000000000185950005000000000003905
00600001000000000000000249080000000000634710005000000000013329
00600001000000000000000249090000000000268600005000000000005640
00600001000000000000000249100000000001552070005000000000032593
00600001000000000000000249110000000000570250005000000000011975
00600001000000000000000249120000000002950410005000000000061959
00600001000000000000000249130000000000457020005000000000009598
00600001000000000000000249140000000000841320005000000000017668
00600001000000000000000249150000000000107440005000000000002256
00600001000000000000000249160000000001190080005000000000024992
00600001000000000000000249170000000001214880005000000000025512
00600001000000000000000249180000000000404960005000000000008504
00600001000000000000000249190000000000822310005000000000017269
00600001000000000000000249200000000000442150005000000000009285
00600001000000000000000249210000000001326450005000000000027855
00600001000000000000000249220000000001219010005000000000025599
00600001000000000000000249230000000000605790005000000000012721
00600001000000000000000249240000000000371900005000000000007810
00600001000000000000000249250000000002061980005000000000043302
00600001000000000000000249260000000000702480005000000000014752
00600001000000000000000249270000000000578510005000000000012149
00600001000000000000000249280000000000247930005000000000005207
00600001000000000000000249290000000000185950005000000000003905
00600001000000000000000249300000000001738840005000000000036516
00600001000000000000000249310000000000523970005000000000011003
00600001000000000000000249320000000000163640005000000000003436
00600001000000000000000249330000000001824790005000000000038321
00600001000000000000000249340000000000351240005000000000007376
00600001000000000000000249350000000000198350005000000000004165
00600001000000000000000249360000000001039670005000000000021833
00600001000000000000000249370000000000442150005000000000009285
00600001000000000000000249380000000001899170005000000000039883
00600001000000000000000249390000000001115700005000000000023430
00600001000000000000000249400000000000425620005000000000008938
00600001000000000000000249410000000000436360005000000000009164
00600001000000000000000249420000000000661160005000000000013884
00600001000000000000000249430000000000491740005000000000010326
00600001000000000000000249440000000002274380005000000000047762
00600001000000000000000249450000000001942150005000000000040785
00600001000000000000000249460000000000289260005000000000006074
00600001000000000000000249470000000000231400005000000000004860
00600001000000000000000249480000000000301650005000000000006335
00600001000000000000000249490000000000219010005000000000004599
00600001000000000000000249500000000000706610005000000000014839
00600001000000000000000249510000000000876030005000000000018397
00600001000000000000000249520000000001713220005000000000035978
00600001000000000000000249530000000000876030005000000000018397
00600001000000000000000249540000000000772730005000000000016227
00600001000000000000000249550000000000188430005000000000003957
00600001000000000000000249560000000000363640005000000000007636
00600001000000000000000249570000000002093390005000000000043961
00600001000000000000000249580000000003991740005000000000083826
00600001000000000000000249590000000000516530005000000000010847
00600001000000000000000249600000000000243800005000000000005120
00600001000000000000000249610000000000380170005000000000007983
00600001000000000000000249620000000000576860005000000000012114
00600001000000000000000249630000000000351240005000000000007376
00600001000000000000000249640000000000256200005000000000005380
00600001000000000000000249650000000000479340005000000000010066
00600001000000000000000249660000000001020660005000000000021434
00600001000000000000000249670000000000659500005000000000013850
00600001000000000000000249680000000002271070005000000000047693
00600001000000000000000249690000000000289260005000000000006074
00600001000000000000000249700000000000776860005000000000016314
00600001000000000000000249710000000000557850005000000000011715
00600001000000000000000249720000000000309920005000000000006508
00600001000000000000000249730000000000111570005000000000002343
00600001000000000000000249740000000003186780005000000000066922
00600001000000000000000249750000000003582640005000000000075236
00600001000000000000000249760000000000756200005000000000015880
00600001000000000000000249770000000000272730005000000000005727
00600001000000000000000249780000000000504130005000000000010587
00600001000000000000000249790000000000735540005000000000015446
00600001000000000000000249800000000000328930005000000000006907
00600001000000000000000249810000000000648760005000000000013624
00600001000000000000000249820000000000173550005000000000003645
00600001000000000000000249830000000001235540005000000000025946
00600001000000000000000249840000000001301650005000000000027335
00600001000000000000000249850000000000876860005000000000018414
00600001000000000000000249860000000000165290005000000000003471
00600001000000000000000249870000000000421490005000000000008851
00600001000000000000000249880000000000690080005000000000014492
00600001000000000000000249890000000000648760005000000000013624
00600001000000000000000249900000000000123970005000000000002603
00600001000000000000000249910000000000500000005000000000010500
00600001000000000000000249920000000000328930005000000000006907
00600001000000000000000249930000000000242150005000000000005085
00600001000000000000000249940000000000841320005000000000017668
00600001000000000000000249950000000001289260005000000000027074
00600001000000000000000249960000000000194210005000000000004079
00600001000000000000000249970000000000736360005000000000015464
00600001000000000000000249980000000002903310005000000000060969
00600001000000000000000249990000000001031400005000000000021660
00600001000000000000000250000000000001074380005000000000022562
00600001000000000000000250010000000000959500005000000000020150
00600001000000000000000250020000000000570250005000000000011975
00600001000000000000000250030000000000491740005000000000010326
00600001000000000000000250040000000001028930005000000000021607
00600001000000000000000250050000000001725620005000000000036238
00600001000000000000000250060000000000404960005000000000008504
00600001000000000000000250070000000000421490005000000000008851
00600001000000000000000250080000000000163640005000000000003436
00600001000000000000000250090000000001256200005000000000026380
00600001000000000000000250100000000000206610005000000000004339
00600001000000000000000250110000000000376030005000000000007897
00600001000000000000000250120000000000990080005000000000020792
00600001000000000000000250130000000002045450005000000000042955
00600001000000000000000250140000000000181820005000000000003818
00600001000000000000000250150000000001314050005000000000027595
00600001000000000000000250160000000000635540005000000000013346
00600001000000000000000250170000000000454550005000000000009545
00600001000000000000000250180000000000411570005000000000008643
00600001000000000000000250190000000000268600005000000000005640
00600001000000000000000250200000000000545450005000000000011455
00600001000000000000000250210000000000475210005000000000009979
00600001000000000000000250220000000000504130005000000000010587
00600001000000000000000250230000000000981820005000000000020618
00600001000000000000000250240000000000155370005000000000003263
00600001000000000000000250250000000000111570005000000000002343
00600001000000000000000250260000000000454550005000000000009545
00600001000000000000000250270000000000309920005000000000006508
00600001000000000000000250280000000001060330005000000000022267
00600001000000000000000250290000000000421490005000000000008851
00600001000000000000000250300000000000214880005000000000004512
00600001000000000000000250310000000000318180005000000000006682
00600001000000000000000250320000000000264460005000000000005554
00600001000000000000000250330000000000342980005000000000007202
00600001000000000000000250350000000000475210005000000000009979
00600001000000000000000250360000000000123970005000000000002603
00600001000000000000000250370000000000177690005000000000003731
00600001000000000000000250380000000000173550005000000000003645
00600001000000000000000250390000000000638020005000000000013398
00600001000000000000000250400000000000165290005000000000003471
00600001000000000000000250410000000000148760005000000000003124
00600001000000000000000250420000000001134710005000000000023829
00600001000000000000000250430000000000289260005000000000006074
00600001000000000000000250440000000000280990005000000000005901
00600001000000000000000250450000000000392560005000000000008244
00600001000000000000000250460000000000159500005000000000003350
00600001000000000000000250470000000000702480005000000000014752
00600001000000000000000250480000000001049590005000000000022041
00600001000000000000000250490000000000099170005000000000002083
00600001000000000000000250500000000000727270005000000000015273
00600001000000000000000250510000000000347110005000000000007289
00600001000000000000000250520000000000276860005000000000005814
00600001000000000000000250530000000000297520005000000000006248
00600001000000000000000250540000000000669420005000000000014058
00600001000000000000000250550000000000710740005000000000014926
00600001000000000000000250560000000000289260005000000000006074
00600001000000000000000250570000000000415700005000000000008730
00600001000000000000000250580000000001177690005000000000024731
00600001000000000000000250590000000000888430005000000000018657
00600001000000000000000250600000000000351240005000000000007376
00600001000000000000000250610000000000351240005000000000007376
00600001000000000000000250620000000000254550005000000000005345
00600001000000000000000250630000000002466940005000000000051806
00600001000000000000000250640000000001004130005000000000021087
00600001000000000000000250650000000000640500005000000000013450
00600001000000000000000250660000000001946280005000000000040872
00600001000000000000000250670000000000289260005000000000006074
00600001000000000000000250680000000000049590005000000000001041
00600001000000000000000250690000000000875210005000000000018379
00600001000000000000000250700000000000194210005000000000004079
00600001000000000000000250710000000000219010005000000000004599
00600001000000000000000250720000000000822310005000000000017269
00600001000000000000000250730000000000545450005000000000011455
00600001000000000000000250740000000000352890005000000000007411
00600001000000000000000250750000000000328930005000000000006907
00600001000000000000000250760000000000070250005000000000001475
00600001000000000000000250770000000000136360005000000000002864
00600001000000000000000250780000000000165290005000000000003471
00600001000000000000000250790000000000764460005000000000016054
00600001000000000000000250800000000000553720005000000000011628
00600001000000000000000250810000000000661160005000000000013884
00600001000000000000000250820000000000425620005000000000008938
00600001000000000000000250830000000001735540005000000000036446
00600001000000000000000250840000000000152890005000000000003211
00600001000000000000000250850000000000185950005000000000003905
00600001000000000000000250860000000000185950005000000000003905
00600001000000000000000250870000000000808260005000000000016974
00600001000000000000000250880000000000537190005000000000011281
00600001000000000000000250890000000000429750005000000000009025
00600001000000000000000250900000000000942150005000000000019785
00600001000000000000000250910000000000318180005000000000006682
00600001000000000000000250920000000000789260005000000000016574
00600001000000000000000250930000000000152890005000000000003211
00600001000000000000000250940000000000433880005000000000009112
00600001000000000000000250950000000000070250005000000000001475
00600001000000000000000250960000000000206610005000000000004339
00600001000000000000000250970000000000566120005000000000011888
00600001000000000000000250980000000000214880005000000000004512
00600001000000000000000250990000000000797520005000000000016748
00600001000000000000000251000000000000429750005000000000009025
00600001000000000000000251010000000000805790005000000000016921
00600001000000000000000251020000000000651240005000000000013676
00600001000000000000000251030000000000276860005000000000005814
00600001000000000000000251040000000002161160005000000000045384
00600001000000000000000251060000000000148760005000000000003124
00600001000000000000000251070000000000659500005000000000013850
00600001000000000000000251080000000003247930005000000000068207
00600001000000000000000251090000000000123970005000000000002603
00600001000000000000000251100000000000323970005000000000006803
00600001000000000000000251110000000000276860005000000000005814
00600001000000000000000251120000000000490910005000000000010309
00600001000000000000000251130000000002537190005000000000053281
00600001000000000000000251140000000001578510005000000000033149
00600001000000000000000251150000000000702480005000000000014752
00600001000000000000000251160000000000144630005000000000003037
00600001000000000000000251170000000000411570005000000000008643
00600001000000000000000251180000000000421490005000000000008851

