00100001000000000000000011310000000004243800005000000000089120
00100001000000000000000011320000000001799170005000000000037783
00100001000000000000000011330000000000355370005000000000007463
00100001000000000000000011340000000000818180005000000000017182
00100001000000000000000011350000000000520660005000000000010934
00100001000000000000000011360000000000814050005000000000017095
00100001000000000000000011370000000000074380005000000000001562
00100001000000000000000011380000000000566120005000000000011888
00100001000000000000000011390000000000195040005000000000004096
00100001000000000000000011400000000000082640005000000000001736
00100001000000000000000011410000000000793390005000000000016661
00100001000000000000000011420000000000194210005000000000004079
00100001000000000000000011430000000000537190005000000000011281
00100001000000000000000011440000000000285120005000000000005988
00100001000000000000000011450000000000814050005000000000017095
00100001000000000000000011460000000001545450005000000000032455
00100001000000000000000011470000000000272730005000000000005727
00100001000000000000000011480000000001305790005000000000027421
00600001000000000000000136950000000000280990005000000000005901
00600001000000000000000136960000000000619830005000000000013017
00600001000000000000000136970000000000276860005000000000005814
00600001000000000000000231780000000001099170005000000000023083
00600001000000000000000231790000000001541320005000000000032368
00600001000000000000000231800000000001057850005000000000022215
00600001000000000000000231810000000000371900005000000000007810
00600001000000000000000231820000000000190080005000000000003992
00600001000000000000000231830000000000723140005000000000015186
00600001000000000000000231840000000000280990005000000000005901
00600001000000000000000231850000000001289260005000000000027074
00600001000000000000000231860000000000246280005000000000005172
00600001000000000000000231870000000000260330005000000000005467
00600001000000000000000231880000000000297520005000000000006248
00600001000000000000000231890000000000086780005000000000001822
00600001000000000000000231900000000000227270005000000000004773
00600001000000000000000231910000000000485950005000000000010205
00600001000000000000000231920000000000559500005000000000011750
00600001000000000000000231930000000000347110005000000000007289
00600001000000000000000231940000000000351240005000000000007376
00600001000000000000000231950000000002289260005000000000048074
00600001000000000000000231960000000001487600005000000000031240
00600001000000000000000231970000000000355370005000000000007463
00600001000000000000000231980000000000933060005000000000019594
00600001000000000000000231990000000000396690005000000000008331
00600001000000000000000232000000000000367770005000000000007723
00600001000000000000000232010000000003223970005000000000067703
00600001000000000000000232020000000000628100005000000000013190
00600001000000000000000232030000000000338840005000000000007116
00600001000000000000000232040000000000334710005000000000007029
00600001000000000000000232050000000000406610005000000000008539
00600001000000000000000232060000000000064460005000000000001354
00600001000000000000000232070000000000051240005000000000001076
00600001000000000000000232080000000000152890005000000000003211
00600001000000000000000232090000000000308260005000000000006474
00600001000000000000000232100000000000505790005000000000010621
00600001000000000000000232110000000001648760005000000000034624
00600001000000000000000232120000000000115700005000000000002430
00600001000000000000000232130000000000937190005000000000019681
00600001000000000000000232140000000000462810005000000000009719
00600001000000000000000232150000000001611570005000000000033843
00600001000000000000000232160000000000580170005000000000012183
00600001000000000000000232170000000000794210005000000000016679
00600001000000000000000232180000000000743800005000000000015620
00600001000000000000000232190000000000690080005000000000014492
00600001000000000000000232200000000000367770005000000000007723
00600001000000000000000232210000000000409090005000000000008591
00600001000000000000000232220000000000243800005000000000005120
00600001000000000000000232230000000000433880005000000000009112
00600001000000000000000232240000000000297520005000000000006248
00600001000000000000000232250000000000462810005000000000009719
00600001000000000000000232260000000000312400005000000000006560
00600001000000000000000232270000000000136360005000000000002864
00600001000000000000000232280000000000785120005000000000016488
00600001000000000000000232290000000000429750005000000000009025
00600001000000000000000232300000000001169420005000000000024558
00600001000000000000000232310000000000246280005000000000005172
00600001000000000000000232320000000000144630005000000000003037
00600001000000000000000232330000000000367770005000000000007723
00600001000000000000000232340000000000256200005000000000005380
00600001000000000000000232350000000000223140005000000000004686
00600001000000000000000232360000000000297520005000000000006248
00600001000000000000000232370000000000780990005000000000016401
00600001000000000000000232380000000000814050005000000000017095
00600001000000000000000232390000000000371900005000000000007810
00600001000000000000000232400000000000661160005000000000013884
00600001000000000000000232410000000000632230005000000000013277
00600001000000000000000232420000000000553720005000000000011628
00600001000000000000000232430000000000520660005000000000010934
00600001000000000000000232450000000000867770005000000000018223
00600001000000000000000232460000000000305790005000000000006421
00600001000000000000000232470000000001537190005000000000032281
00600001000000000000000232480000000000628100005000000000013190
00600001000000000000000232490000000000347110005000000000007289
00600001000000000000000232500000000000525620005000000000011038
00600001000000000000000232510000000000132230005000000000002777
00600001000000000000000232520000000000913220005000000000019178
00600001000000000000000232530000000000206610005000000000004339
00600001000000000000000232540000000000871900005000000000018310
00600001000000000000000232550000000000246280005000000000005172
00600001000000000000000232560000000000867770005000000000018223
00600001000000000000000232570000000000477690005000000000010031
00600001000000000000000232580000000001359500005000000000028550
00600001000000000000000232590000000000285120005000000000005988
00600001000000000000000232600000000000185950005000000000003905
00600001000000000000000232610000000000347110005000000000007289
00600001000000000000000232620000000000219010005000000000004599
00600001000000000000000232630000000000351240005000000000007376
00600001000000000000000232640000000000578510005000000000012149
00600001000000000000000232650000000001510740005000000000031726
00600001000000000000000232660000000000242980005000000000005102
00600001000000000000000232670000000000155370005000000000003263
00600001000000000000000232680000000000384300005000000000008070
00600001000000000000000232690000000000161160005000000000003384
00600001000000000000000232700000000000115700005000000000002430
00600001000000000000000232710000000000396690005000000000008331
00600001000000000000000232720000000000152890005000000000003211
00600001000000000000000232730000000000185950005000000000003905
00600001000000000000000232740000000000442150005000000000009285
00600001000000000000000232750000000001301650005000000000027335
00600001000000000000000232760000000000502480005000000000010552
00600001000000000000000232770000000000578510005000000000012149
00600001000000000000000232780000000000227270005000000000004773
00600001000000000000000232790000000000123970005000000000002603
00600001000000000000000232800000000000256200005000000000005380
00600001000000000000000232810000000000723140005000000000015186
00600001000000000000000232820000000000576860005000000000012114
00600001000000000000000232830000000000268600005000000000005640
00600001000000000000000232840000000000185950005000000000003905
00600001000000000000000232850000000000359500005000000000007550
00600001000000000000000232860000000000888430005000000000018657
00600001000000000000000232870000000001134710005000000000023829
00600001000000000000000232880000000000363640005000000000007636
00600001000000000000000232890000000000553720005000000000011628
00600001000000000000000232900000000000169420005000000000003558
00600001000000000000000232910000000000198350005000000000004165
00600001000000000000000232920000000001505790005000000000031621
00600001000000000000000232930000000000367770005000000000007723
00600001000000000000000232940000000000177690005000000000003731
00600001000000000000000232950000000000243800005000000000005120
00600001000000000000000232960000000000338840005000000000007116
00600001000000000000000232970000000000246280005000000000005172
00600001000000000000000232980000000000785120005000000000016488
00600001000000000000000232990000000000264460005000000000005554
00600001000000000000000233000000000000533060005000000000011194
00600001000000000000000233010000000000337190005000000000007081
00600001000000000000000233020000000000148760005000000000003124
00600001000000000000000233030000000000942150005000000000019785
00600001000000000000000233040000000000504130005000000000010587
00600001000000000000000233050000000000185950005000000000003905
00600001000000000000000233060000000000227270005000000000004773
00600001000000000000000233070000000000669420005000000000014058
00600001000000000000000233080000000001611570005000000000033843
00600001000000000000000233090000000000500000005000000000010500
00600001000000000000000233100000000000359500005000000000007550
00600001000000000000000233110000000002851240005000000000059876
00600001000000000000000233120000000000210740005000000000004426
00600001000000000000000233130000000000177690005000000000003731
00600001000000000000000233140000000000293390005000000000006161
00600001000000000000000233150000000000524790005000000000011021
00600001000000000000000233160000000000710740005000000000014926
00600001000000000000000233170000000001375210005000000000028879
00600001000000000000000233180000000000913220005000000000019178
00600001000000000000000233190000000000135540005000000000002846
00600001000000000000000233200000000000638840005000000000013416
00600001000000000000000233210000000000214880005000000000004512
00600001000000000000000233220000000000475210005000000000009979
00600001000000000000000233230000000000433880005000000000009112
00600001000000000000000233240000000000318180005000000000006682
00600001000000000000000233250000000000785120005000000000016488
00600001000000000000000233260000000000508260005000000000010674
00600001000000000000000233270000000000333880005000000000007012
00600001000000000000000233280000000001041320005000000000021868
00600001000000000000000233290000000000066120005000000000001388
00600001000000000000000233300000000001448760005000000000030424
00600001000000000000000233310000000000256200005000000000005380
00600001000000000000000233320000000000640500005000000000013450
00600001000000000000000233330000000000359500005000000000007550
00600001000000000000000233340000000000607440005000000000012756
00600001000000000000000233350000000000185950005000000000003905
00600001000000000000000233360000000000266120005000000000005588
00600001000000000000000233370000000001132230005000000000023777
00600001000000000000000233380000000000528930005000000000011107
00600001000000000000000233390000000000786780005000000000016522
00600001000000000000000233400000000000712400005000000000014960
00600001000000000000000233410000000000206610005000000000004339
00600001000000000000000233420000000001790910005000000000037609
00600001000000000000000233430000000000527270005000000000011073
00600001000000000000000233440000000001198350005000000000025165
00600001000000000000000233450000000000404960005000000000008504
00600001000000000000000233460000000000221490005000000000004651
00600001000000000000000233470000000000070250005000000000001475
00600001000000000000000233480000000000400830005000000000008417
00600001000000000000000233490000000000326450005000000000006855
00600001000000000000000233500000000000102480005000000000002152
00600001000000000000000233510000000000640500005000000000013450
00600001000000000000000233520000000000247930005000000000005207
00600001000000000000000233530000000000305790005000000000006421
00600001000000000000000233540000000000590910005000000000012409
00600001000000000000000233550000000000258680005000000000005432
00600001000000000000000233560000000000243800005000000000005120
00600001000000000000000233570000000000392560005000000000008244
00600001000000000000000233580000000000309920005000000000006508
00600001000000000000000233590000000000896690005000000000018831
00600001000000000000000233600000000000866120005000000000018188
00600001000000000000000233610000000000831400005000000000017460
00600001000000000000000233620000000000136360005000000000002864
00600001000000000000000233630000000000053720005000000000001128
00600001000000000000000233640000000000475210005000000000009979
00600001000000000000000233650000000000543800005000000000011420
00600001000000000000000233660000000000322310005000000000006769
00600001000000000000000233670000000000161160005000000000003384
00600001000000000000000233680000000000235540005000000000004946
00600001000000000000000233690000000000724790005000000000015221
00600001000000000000000233700000000000385950005000000000008105
00600001000000000000000233710000000000586780005000000000012322
00600001000000000000000233720000000000206610005000000000004339
00600001000000000000000233730000000000768600005000000000016140
00600001000000000000000233740000000000345450005000000000007255
00600001000000000000000233750000000000157020005000000000003298
00600001000000000000000233760000000000876030005000000000018397
00600001000000000000000233770000000000299170005000000000006283
00600001000000000000000233780000000000475210005000000000009979
00600001000000000000000233790000000000326450005000000000006855
00600001000000000000000233800000000000173550005000000000003645
00600001000000000000000233810000000000681820005000000000014318
00600001000000000000000233820000000000361980005000000000007602
00600001000000000000000233830000000000640500005000000000013450
00600001000000000000000233840000000001037190005000000000021781
00600001000000000000000233850000000000163640005000000000003436
00600001000000000000000233860000000000400830005000000000008417
00600001000000000000000233870000000000516530005000000000010847
00600001000000000000000233880000000000475210005000000000009979
00600001000000000000000233890000000000450410005000000000009459
00600001000000000000000233900000000000520660005000000000010934
00600001000000000000000233910000000000446280005000000000009372
00600001000000000000000233920000000000743800005000000000015620
00600001000000000000000233930000000000525620005000000000011038
00600001000000000000000233940000000000805790005000000000016921
00600001000000000000000233950000000000194210005000000000004079
00600001000000000000000233960000000000198350005000000000004165
00600001000000000000000233970000000000595040005000000000012496
00600001000000000000000233980000000000150410005000000000003159
00600001000000000000000233990000000000318180005000000000006682
00600001000000000000000234000000000000733060005000000000015394
00600001000000000000000234010000000000136360005000000000002864
00600001000000000000000234020000000000198350005000000000004165
00600001000000000000000234030000000001033060005000000000021694
00600001000000000000000234040000000000619830005000000000013017
00600001000000000000000234050000000000632230005000000000013277
00600001000000000000000234060000000000028930005000000000000607
00600001000000000000000234070000000000214880005000000000004512
00600001000000000000000234080000000000272730005000000000005727
00600001000000000000000234090000000000268600005000000000005640
00600001000000000000000234100000000002314050005000000000048595
00600001000000000000000234110000000000049590005000000000001041
00600001000000000000000234120000000000309920005000000000006508
00600001000000000000000234130000000000297520005000000000006248
00600001000000000000000234140000000000781820005000000000016418
00600001000000000000000234150000000000773550005000000000016245
00600001000000000000000234160000000000503310005000000000010569
00600001000000000000000234170000000000557850005000000000011715
00600001000000000000000234180000000000638020005000000000013398
00600001000000000000000234190000000000801650005000000000016835
00600001000000000000000234200000000000648760005000000000013624
00600001000000000000000234210000000000471070005000000000009893
00600001000000000000000234220000000000173550005000000000003645
00600001000000000000000234230000000000070250005000000000001475
00600001000000000000000234240000000000289260005000000000006074
00600001000000000000000234250000000000000830005000000000000017
00600001000000000000000234260000000000384300005000000000008070
00600001000000000000000234270000000000400830005000000000008417
00600001000000000000000234280000000000151240005000000000003176
00600001000000000000000234290000000000144630005000000000003037
00600001000000000000000234300000000000838840005000000000017616
00600001000000000000000234310000000000824790005000000000017321
00600001000000000000000234320000000000305790005000000000006421
00600001000000000000000234330000000000157020005000000000003298
00600001000000000000000234340000000001219010005000000000025599
00600001000000000000000234350000000000309920005000000000006508
00600001000000000000000234360000000000514880005000000000010812
00600001000000000000000234370000000000719010005000000000015099
00600001000000000000000234380000000002214880005000000000046512
00600001000000000000000234390000000000334710005000000000007029
00600001000000000000000234400000000000202480005000000000004252
00600001000000000000000234410000000000314050005000000000006595
00600001000000000000000234420000000000433880005000000000009112
00600001000000000000000234430000000001019010005000000000021399
00600001000000000000000234440000000000840500005000000000017650
00600001000000000000000234450000000000607440005000000000012756
00600001000000000000000234460000000000413220005000000000008678
00600001000000000000000234470000000000438020005000000000009198
00600001000000000000000234480000000000061980005000000000001302
00600001000000000000000234490000000000099170005000000000002083
00600001000000000000000234500000000000140500005000000000002950
00600001000000000000000234510000000000330580005000000000006942
00600001000000000000000234520000000000429750005000000000009025
00600001000000000000000234530000000000225620005000000000004738
00600001000000000000000234540000000000078510005000000000001649
00600001000000000000000234550000000001033060005000000000021694
00600001000000000000000234560000000000285120005000000000005988
00600001000000000000000234570000000000289260005000000000006074
00600001000000000000000234580000000000173550005000000000003645
00600001000000000000000234590000000000322310005000000000006769
00600001000000000000000234600000000000020660005000000000000434
00600001000000000000000234610000000000330580005000000000006942
00600001000000000000000234620000000001618180005000000000033982
00600001000000000000000234630000000001260330005000000000026467
00600001000000000000000234640000000000347110005000000000007289
00600001000000000000000234650000000000355370005000000000007463
00600001000000000000000234660000000000280990005000000000005901
00600001000000000000000234670000000000297520005000000000006248
00600001000000000000000234680000000000541320005000000000011368
00600001000000000000000234690000000000466940005000000000009806
00600001000000000000000234700000000000099170005000000000002083
00600001000000000000000234710000000000078510005000000000001649
00600001000000000000000234720000000000144630005000000000003037
00600001000000000000000234730000000000659500005000000000013850
00600001000000000000000234740000000001961160005000000000041184
00600001000000000000000234750000000000464460005000000000009754
00600001000000000000000234760000000000305790005000000000006421
00600001000000000000000234770000000000357850005000000000007515
00600001000000000000000234780000000000227270005000000000004773
00600001000000000000000234790000000001487600005000000000031240
00600001000000000000000234800000000000404960005000000000008504
00600001000000000000000234810000000000648760005000000000013624
00600001000000000000000234820000000000619830005000000000013017
00600001000000000000000234830000000000074380005000000000001562
00600001000000000000000234840000000000144630005000000000003037
00600001000000000000000234850000000000880170005000000000018483
00600001000000000000000234860000000000049590005000000000001041
00600001000000000000000234870000000001033060005000000000021694
00600001000000000000000234880000000000618180005000000000012982
00600001000000000000000234890000000001083470005000000000022753
00600001000000000000000234900000000000917360005000000000019264
00600001000000000000000234910000000000661160005000000000013884
00600001000000000000000234920000000000390910005000000000008209
00600001000000000000000234930000000001760330005000000000036967
00600001000000000000000234940000000000702480005000000000014752
00600001000000000000000234950000000000347110005000000000007289
00600001000000000000000234960000000000442150005000000000009285
00600001000000000000000234970000000001231400005000000000025860
00600001000000000000000234980000000000140500005000000000002950
00600001000000000000000234990000000000735540005000000000015446
00600001000000000000000235000000000000681820005000000000014318
00600001000000000000000235010000000000099170005000000000002083
00600001000000000000000235020000000001479340005000000000031066
00600001000000000000000235030000000000499630005000000000010492
00600001000000000000000235040000000000214880005000000000004512
00600001000000000000000235050000000000214880005000000000004512
00600001000000000000000235060000000000330580005000000000006942
00600001000000000000000235070000000000764460005000000000016054
00600001000000000000000235080000000000185950005000000000003905
00600001000000000000000235090000000000152890005000000000003211
00600001000000000000000235100000000000760330005000000000015967
00600001000000000000000235110000000000416530005000000000008747
00600001000000000000000235120000000000057850005000000000001215
00600001000000000000000235130000000000123970005000000000002603

