00100001000000000000000010650000000001983470005000000000041653
00100001000000000000000010660000000000309920005000000000006508
00100001000000000000000010670000000000223140005000000000004686
00100001000000000000000010680000000011570250005000000000242975
00100001000000000000000010690000000000557850005000000000011715
00100001000000000000000010700000000000272730005000000000005727
00100001000000000000000010710000000000355370005000000000007463
00100001000000000000000010720000000000000830005000000000000017
00100001000000000000000010730000000000461160005000000000009684
00100001000000000000000010740000000000057850005000000000001215
00100001000000000000000010750000000000386780005000000000008122
00100001000000000000000010760000000002200000005000000000046200
00100001000000000000000010770000000001363640005000000000028636
00100001000000000000000010780000000000371900005000000000007810
00100001000000000000000010790000000000520660005000000000010934
00100001000000000000000010800000000000640500005000000000013450
00100001000000000000000010810000000000429750005000000000009025
00600001000000000000000136910000000000140500005000000000002950
00600001000000000000000136920000000000619830005000000000013017
00600001000000000000000136930000000000411570005000000000008643
00600001000000000000000218550000000000326450005000000000006855
00600001000000000000000218560000000000128100005000000000002690
00600001000000000000000218570000000000119830005000000000002517
00600001000000000000000218580000000000801650005000000000016835
00600001000000000000000218590000000000289260005000000000006074
00600001000000000000000218600000000000144630005000000000003037
00600001000000000000000218610000000000243800005000000000005120
00600001000000000000000218620000000000475210005000000000009979
00600001000000000000000218630000000000169420005000000000003558
00600001000000000000000218640000000000202480005000000000004252
00600001000000000000000218650000000000491740005000000000010326
00600001000000000000000218660000000000123970005000000000002603
00600001000000000000000218670000000000661160005000000000013884
00600001000000000000000218680000000000396690005000000000008331
00600001000000000000000218690000000000380170005000000000007983
00600001000000000000000218700000000000331400005000000000006960
00600001000000000000000218710000000000359500005000000000007550
00600001000000000000000218720000000000206610005000000000004339
00600001000000000000000218730000000000648760005000000000013624
00600001000000000000000218740000000000805790005000000000016921
00600001000000000000000218750000000000396690005000000000008331
00600001000000000000000218760000000000247930005000000000005207
00600001000000000000000218770000000000570250005000000000011975
00600001000000000000000218780000000000061980005000000000001302
00600001000000000000000218790000000000785120005000000000016488
00600001000000000000000218800000000000804130005000000000016887
00600001000000000000000218810000000000429750005000000000009025
00600001000000000000000218820000000000268600005000000000005640
00600001000000000000000218830000000000822310005000000000017269
00600001000000000000000218840000000000227270005000000000004773
00600001000000000000000218850000000000165290005000000000003471
00600001000000000000000218860000000000553720005000000000011628
00600001000000000000000218870000000000685950005000000000014405
00600001000000000000000218880000000001289260005000000000027074
00600001000000000000000218890000000000541320005000000000011368
00600001000000000000000218900000000001983470005000000000041653
00600001000000000000000218910000000000219010005000000000004599
00600001000000000000000218920000000000483470005000000000010153
00600001000000000000000218930000000000553720005000000000011628
00600001000000000000000218940000000000318180005000000000006682
00600001000000000000000218950000000000111570005000000000002343
00600001000000000000000218960000000000095040005000000000001996
00600001000000000000000218970000000000115700005000000000002430
00600001000000000000000218980000000000396690005000000000008331
00600001000000000000000218990000000000152890005000000000003211
00600001000000000000000219000000000000161160005000000000003384
00600001000000000000000219010000000000454550005000000000009545
00600001000000000000000219020000000000238840005000000000005016
00600001000000000000000219030000000000123970005000000000002603
00600001000000000000000219040000000001632230005000000000034277
00600001000000000000000219050000000000231400005000000000004860
00600001000000000000000219060000000000640500005000000000013450
00600001000000000000000219070000000000272730005000000000005727
00600001000000000000000219080000000000591740005000000000012426
00600001000000000000000219090000000002685950005000000000056405
00600001000000000000000219100000000000818180005000000000017182
00600001000000000000000219110000000000103310005000000000002169
00600001000000000000000219120000000000347110005000000000007289
00600001000000000000000219130000000000095040005000000000001996
00600001000000000000000219140000000000049590005000000000001041
00600001000000000000000219150000000000155370005000000000003263
00600001000000000000000219160000000000309920005000000000006508
00600001000000000000000219170000000000296690005000000000006231
00600001000000000000000219180000000000388430005000000000008157
00600001000000000000000219190000000000167770005000000000003523
00600001000000000000000219200000000000570250005000000000011975
00600001000000000000000219210000000000657020005000000000013798
00600001000000000000000219220000000000477690005000000000010031
00600001000000000000000219230000000000476860005000000000010014
00600001000000000000000219240000000001185950005000000000024905
00600001000000000000000219250000000000630580005000000000013242
00600001000000000000000219260000000000714880005000000000015012
00600001000000000000000219270000000002466940005000000000051806
00600001000000000000000219280000000000384300005000000000008070
00600001000000000000000219290000000000950410005000000000019959
00600001000000000000000219300000000000242980005000000000005102
00600001000000000000000219310000000000380170005000000000007983
00600001000000000000000219320000000000548760005000000000011524
00600001000000000000000219330000000000301650005000000000006335
00600001000000000000000219340000000000264460005000000000005554
00600001000000000000000219350000000000651240005000000000013676
00600001000000000000000219360000000000214880005000000000004512
00600001000000000000000219370000000000380170005000000000007983
00600001000000000000000219380000000000260330005000000000005467
00600001000000000000000219390000000000818180005000000000017182
00600001000000000000000219400000000000177690005000000000003731
00600001000000000000000219410000000001235540005000000000025946
00600001000000000000000219420000000000198350005000000000004165
00600001000000000000000219430000000000285120005000000000005988
00600001000000000000000219440000000000755370005000000000015863
00600001000000000000000219450000000000545450005000000000011455
00600001000000000000000219460000000000200830005000000000004217
00600001000000000000000219470000000000363640005000000000007636
00600001000000000000000219480000000000775210005000000000016279
00600001000000000000000219490000000000268600005000000000005640
00600001000000000000000219500000000000194210005000000000004079
00600001000000000000000219510000000000318180005000000000006682
00600001000000000000000219520000000000545450005000000000011455
00600001000000000000000219530000000000264460005000000000005554
00600001000000000000000219540000000000599170005000000000012583
00600001000000000000000219550000000000471070005000000000009893
00600001000000000000000219560000000000760330005000000000015967
00600001000000000000000219570000000000070250005000000000001475
00600001000000000000000219580000000000177690005000000000003731
00600001000000000000000219590000000000491740005000000000010326
00600001000000000000000219600000000003305790005000000000069421
00600001000000000000000219610000000000342980005000000000007202
00600001000000000000000219620000000000338840005000000000007116
00600001000000000000000219630000000000206610005000000000004339
00600001000000000000000219650000000000400830005000000000008417
00600001000000000000000219660000000000615700005000000000012930
00600001000000000000000219670000000000334710005000000000007029
00600001000000000000000219680000000000388430005000000000008157
00600001000000000000000219690000000000576860005000000000012114
00600001000000000000000219700000000000227270005000000000004773
00600001000000000000000219710000000000450410005000000000009459
00600001000000000000000219720000000002466940005000000000051806
00600001000000000000000219730000000000297520005000000000006248
00600001000000000000000219740000000000635540005000000000013346
00600001000000000000000219750000000000541320005000000000011368
00600001000000000000000219760000000000264460005000000000005554
00600001000000000000000219770000000000163640005000000000003436
00600001000000000000000219780000000000227270005000000000004773
00600001000000000000000219790000000000070250005000000000001475
00600001000000000000000219800000000001115700005000000000023430
00600001000000000000000219810000000000359500005000000000007550
00600001000000000000000219820000000000413220005000000000008678
00600001000000000000000219830000000000289260005000000000006074
00600001000000000000000219840000000000163640005000000000003436
00600001000000000000000219850000000000488430005000000000010257
00600001000000000000000219860000000000115700005000000000002430
00600001000000000000000219870000000000392560005000000000008244
00600001000000000000000219880000000001423970005000000000029903
00600001000000000000000219890000000000163640005000000000003436
00600001000000000000000219900000000002684300005000000000056370
00600001000000000000000219910000000002633060005000000000055294
00600001000000000000000219920000000000169420005000000000003558
00600001000000000000000219930000000000289260005000000000006074
00600001000000000000000219940000000000347110005000000000007289
00600001000000000000000219950000000000644630005000000000013537
00600001000000000000000219960000000000181820005000000000003818
00600001000000000000000219970000000000227270005000000000004773
00600001000000000000000219980000000000971900005000000000020410
00600001000000000000000219990000000000454550005000000000009545
00600001000000000000000220000000000000214880005000000000004512
00600001000000000000000220010000000000246280005000000000005172
00600001000000000000000220020000000000352070005000000000007393
00600001000000000000000220030000000000990080005000000000020792
00600001000000000000000220040000000000289260005000000000006074
00600001000000000000000220050000000000198350005000000000004165
00600001000000000000000220060000000000399170005000000000008383
00600001000000000000000220070000000000508260005000000000010674
00600001000000000000000220080000000000371900005000000000007810
00600001000000000000000220090000000000227270005000000000004773
00600001000000000000000220100000000000214880005000000000004512
00600001000000000000000220110000000000826450005000000000017355
00600001000000000000000220120000000000413220005000000000008678
00600001000000000000000220130000000001033060005000000000021694
00600001000000000000000220140000000000041320005000000000000868
00600001000000000000000220150000000000541320005000000000011368
00600001000000000000000220160000000000272730005000000000005727
00600001000000000000000220170000000000390910005000000000008209
00600001000000000000000220180000000000297520005000000000006248
00600001000000000000000220190000000000483470005000000000010153
00600001000000000000000220200000000000111570005000000000002343
00600001000000000000000220210000000000322310005000000000006769
00600001000000000000000220220000000000359500005000000000007550
00600001000000000000000220230000000002239670005000000000047033
00600001000000000000000220240000000000190080005000000000003992
00600001000000000000000220250000000000161980005000000000003402
00600001000000000000000220260000000003782640005000000000079436
00600001000000000000000220270000000000396690005000000000008331
00600001000000000000000220280000000000578510005000000000012149
00600001000000000000000220290000000000491740005000000000010326
00600001000000000000000220300000000000140500005000000000002950
00600001000000000000000220320000000003371900005000000000070810
00600001000000000000000220330000000000289260005000000000006074
00600001000000000000000220340000000000194210005000000000004079
00600001000000000000000220350000000000557850005000000000011715
00600001000000000000000220360000000000438020005000000000009198
00600001000000000000000220370000000000161160005000000000003384
00600001000000000000000220380000000000479340005000000000010066
00600001000000000000000220390000000000033060005000000000000694
00600001000000000000000220400000000000266940005000000000005606
00600001000000000000000220410000000000103310005000000000002169
00600001000000000000000220420000000000206610005000000000004339
00600001000000000000000220430000000001033060005000000000021694
00600001000000000000000220440000000000202480005000000000004252
00600001000000000000000220450000000000276860005000000000005814
00600001000000000000000220460000000000471070005000000000009893
00600001000000000000000220470000000000297520005000000000006248
00600001000000000000000220480000000000285120005000000000005988
00600001000000000000000220490000000000198350005000000000004165
00600001000000000000000220500000000001025620005000000000021538
00600001000000000000000220510000000000648760005000000000013624
00600001000000000000000220520000000000475210005000000000009979
00600001000000000000000220530000000000344630005000000000007237
00600001000000000000000220540000000000665290005000000000013971
00600001000000000000000220550000000001987600005000000000041740
00600001000000000000000220560000000000202480005000000000004252
00600001000000000000000220570000000000834710005000000000017529
00600001000000000000000220580000000000276860005000000000005814
00600001000000000000000220590000000000280990005000000000005901
00600001000000000000000220600000000000115700005000000000002430
00600001000000000000000220610000000000301650005000000000006335
00600001000000000000000220620000000000359500005000000000007550
00600001000000000000000220630000000000128100005000000000002690
00600001000000000000000220640000000000165290005000000000003471
00600001000000000000000220650000000000396690005000000000008331
00600001000000000000000220660000000000805790005000000000016921
00600001000000000000000220670000000000289260005000000000006074
00600001000000000000000220680000000001309920005000000000027508
00600001000000000000000220690000000000194210005000000000004079
00600001000000000000000220700000000000258680005000000000005432
00600001000000000000000220710000000000574380005000000000012062
00600001000000000000000220720000000000078510005000000000001649
00600001000000000000000220730000000000367770005000000000007723
00600001000000000000000220740000000000719010005000000000015099
00600001000000000000000220750000000000264460005000000000005554
00600001000000000000000220760000000000458680005000000000009632
00600001000000000000000220770000000000285120005000000000005988
00600001000000000000000220780000000000446280005000000000009372
00600001000000000000000220790000000000400830005000000000008417
00600001000000000000000220800000000000590910005000000000012409
00600001000000000000000220810000000000508260005000000000010674
00600001000000000000000220820000000000185950005000000000003905
00600001000000000000000220830000000000194210005000000000004079
00600001000000000000000220840000000000309920005000000000006508
00600001000000000000000220850000000000528930005000000000011107
00600001000000000000000220860000000000657020005000000000013798
00600001000000000000000220870000000000512400005000000000010760
00600001000000000000000220880000000000605790005000000000012721
00600001000000000000000220890000000001371900005000000000028810
00600001000000000000000220900000000000289260005000000000006074
00600001000000000000000220910000000000300830005000000000006317
00600001000000000000000220920000000000370250005000000000007775
00600001000000000000000220930000000000123970005000000000002603
00600001000000000000000220940000000000148760005000000000003124
00600001000000000000000220950000000000500000005000000000010500
00600001000000000000000220960000000000342980005000000000007202
00600001000000000000000220970000000000702480005000000000014752
00600001000000000000000220980000000000541320005000000000011368
00600001000000000000000220990000000000064460005000000000001354
00600001000000000000000221000000000000272730005000000000005727
00600001000000000000000221010000000000318180005000000000006682
00600001000000000000000221020000000000157020005000000000003298
00600001000000000000000221030000000000351240005000000000007376
00600001000000000000000221040000000000090910005000000000001909
00600001000000000000000221050000000000264460005000000000005554
00600001000000000000000221060000000000247930005000000000005207
00600001000000000000000221070000000000210740005000000000004426
00600001000000000000000221080000000000330580005000000000006942
00600001000000000000000221090000000000144630005000000000003037
00600001000000000000000221100000000000371900005000000000007810
00600001000000000000000221110000000000070250005000000000001475
00600001000000000000000221120000000000190080005000000000003992
00600001000000000000000221130000000000198350005000000000004165
00600001000000000000000221140000000001636360005000000000034364
00600001000000000000000221150000000000285120005000000000005988
00600001000000000000000221160000000000330580005000000000006942
00600001000000000000000221170000000000746280005000000000015672
00600001000000000000000221180000000000159500005000000000003350
00600001000000000000000221190000000000351240005000000000007376
00600001000000000000000221200000000000246280005000000000005172
00600001000000000000000221210000000002918180005000000000061282
00600001000000000000000221220000000000285120005000000000005988
00600001000000000000000221230000000000126450005000000000002655
00600001000000000000000221240000000000176860005000000000003714
00600001000000000000000221250000000000276860005000000000005814
00600001000000000000000221260000000001210740005000000000025426
00600001000000000000000221270000000000987600005000000000020740
00600001000000000000000221280000000001171900005000000000024610
00600001000000000000000221290000000000136360005000000000002864
00600001000000000000000221300000000000223140005000000000004686
00600001000000000000000221310000000000243800005000000000005120
00600001000000000000000221320000000003549590005000000000074541
00600001000000000000000221330000000000355370005000000000007463
00600001000000000000000221340000000000342980005000000000007202
00600001000000000000000221350000000000789260005000000000016574
00600001000000000000000221360000000000500000005000000000010500
00600001000000000000000221370000000000711570005000000000014943
00600001000000000000000221380000000000227270005000000000004773
00600001000000000000000221390000000000950410005000000000019959
00600001000000000000000221400000000000452890005000000000009511
00600001000000000000000221410000000000429750005000000000009025
00600001000000000000000221420000000000095040005000000000001996
00600001000000000000000221430000000000194210005000000000004079
00600001000000000000000221440000000001033060005000000000021694
00600001000000000000000221450000000000090910005000000000001909
00600001000000000000000221460000000000190080005000000000003992
00600001000000000000000221470000000005776860005000000000121314
00600001000000000000000221480000000000243800005000000000005120
00600001000000000000000221490000000000413220005000000000008678
00600001000000000000000221500000000000123970005000000000002603
00600001000000000000000221510000000000235540005000000000004946
00600001000000000000000221520000000000214880005000000000004512
00600001000000000000000221530000000000243800005000000000005120
00600001000000000000000221540000000000123970005000000000002603
00600001000000000000000221550000000000406610005000000000008539
00600001000000000000000221560000000000299170005000000000006283
00600001000000000000000221570000000000239670005000000000005033
00600001000000000000000221580000000000322310005000000000006769
00600001000000000000000221590000000000227270005000000000004773
00600001000000000000000221600000000000557850005000000000011715
00600001000000000000000221610000000000289260005000000000006074
00600001000000000000000221620000000000185950005000000000003905
00600001000000000000000221630000000000185950005000000000003905
00600001000000000000000221640000000000236360005000000000004964
00600001000000000000000221650000000000214880005000000000004512
00600001000000000000000221660000000000264460005000000000005554
00600001000000000000000221670000000000169420005000000000003558
00600001000000000000000221680000000000121490005000000000002551
00600001000000000000000221690000000000163640005000000000003436
00600001000000000000000221700000000000814050005000000000017095
00600001000000000000000221710000000000588430005000000000012357
00600001000000000000000221720000000000107440005000000000002256
00600001000000000000000221730000000000329750005000000000006925
00600001000000000000000221740000000000289260005000000000006074
00600001000000000000000221750000000000260330005000000000005467
00600001000000000000000221760000000000210740005000000000004426
00600001000000000000000221770000000000557850005000000000011715
00600001000000000000000221780000000000243800005000000000005120
00600001000000000000000221790000000000305790005000000000006421
00600001000000000000000000310000000001983470005000000000041653

