00100001000000000000000010110000000000574380005000000000012062
00100001000000000000000010120000000011404960005000000000239504
00100001000000000000000010130000000005206610005000000000109339
00100001000000000000000010140000000000239670005000000000005033
00100001000000000000000010150000000000729750005000000000015325
00100001000000000000000010160000000000359500005000000000007550
00100001000000000000000010170000000000987600005000000000020740
00100001000000000000000010180000000001719010005000000000036099
00100001000000000000000010190000000000557850005000000000011715
00100001000000000000000010200000000000376030005000000000007897
00100001000000000000000010210000000000247930005000000000005207
00100001000000000000000010220000000000483470005000000000010153
00100001000000000000000010230000000001174380005000000000024662
00100001000000000000000010240000000002561980005000000000053802
00100001000000000000000010250000000001033060005000000000021694
00100001000000000000000010260000000000911570005000000000019143
00100001000000000000000010270000000001033060005000000000021694
00100001000000000000000010280000000004333880005000000000091012
00100001000000000000000010290000000000347110005000000000007289
00100001000000000000000010300000000000442150005000000000009285
00100001000000000000000010310000000000132230005000000000002777
00100001000000000000000010320000000000429750005000000000009025
00100001000000000000000010330000000000582640005000000000012236
00100001000000000000000010340000000001041320005000000000021868
00100001000000000000000010350000000001016530005000000000021347
00100001000000000000000010360000000001752070005000000000036793
00100001000000000000000010370000000001735540005000000000036446
00100001000000000000000010380000000000652890005000000000013711
00100001000000000000000010390000000000380170005000000000007983
00600001000000000000000136850000000004466940005000000000093806
00600001000000000000000210040000000000090910005000000000001909
00600001000000000000000210050000000000400830005000000000008417
00600001000000000000000210060000000000347110005000000000007289
00600001000000000000000210070000000000280990005000000000005901
00600001000000000000000210080000000000177690005000000000003731
00600001000000000000000210090000000000115700005000000000002430
00600001000000000000000210100000000000553720005000000000011628
00600001000000000000000210110000000000380170005000000000007983
00600001000000000000000210120000000000537190005000000000011281
00600001000000000000000210130000000000409090005000000000008591
00600001000000000000000210140000000000458680005000000000009632
00600001000000000000000210150000000000524790005000000000011021
00600001000000000000000210160000000000314050005000000000006595
00600001000000000000000210170000000000326450005000000000006855
00600001000000000000000210180000000000103310005000000000002169
00600001000000000000000210190000000000834710005000000000017529
00600001000000000000000210200000000000246280005000000000005172
00600001000000000000000210210000000000099170005000000000002083
00600001000000000000000210220000000000636360005000000000013364
00600001000000000000000210230000000000512400005000000000010760
00600001000000000000000210240000000000466940005000000000009806
00600001000000000000000210250000000000120660005000000000002534
00600001000000000000000210260000000000355370005000000000007463
00600001000000000000000210270000000001214880005000000000025512
00600001000000000000000210280000000000632230005000000000013277
00600001000000000000000210290000000000066120005000000000001388
00600001000000000000000210300000000001314050005000000000027595
00600001000000000000000210310000000000177690005000000000003731
00600001000000000000000210320000000000632230005000000000013277
00600001000000000000000210330000000000148760005000000000003124
00600001000000000000000210340000000000384300005000000000008070
00600001000000000000000210350000000000190080005000000000003992
00600001000000000000000210360000000000512400005000000000010760
00600001000000000000000210370000000000595040005000000000012496
00600001000000000000000210380000000000260330005000000000005467
00600001000000000000000210390000000000549590005000000000011541
00600001000000000000000210400000000000512400005000000000010760
00600001000000000000000210410000000000309920005000000000006508
00600001000000000000000210420000000000115700005000000000002430
00600001000000000000000210430000000000247930005000000000005207
00600001000000000000000210440000000000301650005000000000006335
00600001000000000000000210450000000000603310005000000000012669
00600001000000000000000210460000000000049590005000000000001041
00600001000000000000000210470000000000681820005000000000014318
00600001000000000000000210480000000000347110005000000000007289
00600001000000000000000210490000000000466940005000000000009806
00600001000000000000000210500000000000818180005000000000017182
00600001000000000000000210510000000000297520005000000000006248
00600001000000000000000210520000000000272730005000000000005727
00600001000000000000000210530000000000644630005000000000013537
00600001000000000000000210540000000000901650005000000000018935
00600001000000000000000210550000000000644630005000000000013537
00600001000000000000000210560000000000446280005000000000009372
00600001000000000000000210570000000000309920005000000000006508
00600001000000000000000210580000000000177690005000000000003731
00600001000000000000000210590000000000752070005000000000015793
00600001000000000000000210600000000000314050005000000000006595
00600001000000000000000210610000000000475210005000000000009979
00600001000000000000000210630000000000078510005000000000001649
00600001000000000000000210640000000000169420005000000000003558
00600001000000000000000210650000000000289260005000000000006074
00600001000000000000000210660000000000603310005000000000012669
00600001000000000000000210670000000000545450005000000000011455
00600001000000000000000210680000000000123970005000000000002603
00600001000000000000000210690000000000227270005000000000004773
00600001000000000000000210700000000004760330005000000000099967
00600001000000000000000210710000000000260330005000000000005467
00600001000000000000000210720000000001004130005000000000021087
00600001000000000000000210730000000000190080005000000000003992
00600001000000000000000210740000000000685950005000000000014405
00600001000000000000000210750000000000161160005000000000003384
00600001000000000000000210760000000000264460005000000000005554
00600001000000000000000210770000000000146280005000000000003072
00600001000000000000000210780000000000123970005000000000002603
00600001000000000000000210790000000000623970005000000000013103
00600001000000000000000210800000000000254550005000000000005345
00600001000000000000000210810000000000185950005000000000003905
00600001000000000000000210820000000000247930005000000000005207
00600001000000000000000210830000000000685950005000000000014405
00600001000000000000000210840000000000328930005000000000006907
00600001000000000000000210850000000000190080005000000000003992
00600001000000000000000210860000000000309920005000000000006508
00600001000000000000000210870000000000198350005000000000004165
00600001000000000000000210880000000000148760005000000000003124
00600001000000000000000210890000000000929750005000000000019525
00600001000000000000000210900000000000564460005000000000011854
00600001000000000000000210910000000000404960005000000000008504
00600001000000000000000210920000000001185950005000000000024905
00600001000000000000000210930000000000706610005000000000014839
00600001000000000000000210940000000000322310005000000000006769
00600001000000000000000210950000000000409090005000000000008591
00600001000000000000000210960000000000210740005000000000004426
00600001000000000000000210970000000000285120005000000000005988
00600001000000000000000210980000000000107440005000000000002256
00600001000000000000000211000000000000528930005000000000011107
00600001000000000000000211010000000000144630005000000000003037
00600001000000000000000211020000000000376030005000000000007897
00600001000000000000000211030000000000320660005000000000006734
00600001000000000000000211040000000000155370005000000000003263
00600001000000000000000211060000000000888430005000000000018657
00600001000000000000000211070000000000039670005000000000000833
00600001000000000000000211080000000000185950005000000000003905
00600001000000000000000211090000000000619830005000000000013017
00600001000000000000000211100000000000475210005000000000009979
00600001000000000000000211110000000000685950005000000000014405
00600001000000000000000211120000000001071900005000000000022510
00600001000000000000000211130000000000433880005000000000009112
00600001000000000000000211140000000000252070005000000000005293
00600001000000000000000211150000000000157020005000000000003298
00600001000000000000000211160000000000285120005000000000005988
00600001000000000000000211170000000000359500005000000000007550
00600001000000000000000211180000000001185950005000000000024905
00600001000000000000000211190000000000475210005000000000009979
00600001000000000000000211200000000000239670005000000000005033
00600001000000000000000211210000000000376030005000000000007897
00600001000000000000000211220000000000132230005000000000002777
00600001000000000000000211230000000000235540005000000000004946
00600001000000000000000211240000000001012400005000000000021260
00600001000000000000000211250000000000495870005000000000010413
00600001000000000000000211260000000000227270005000000000004773
00600001000000000000000211270000000000326450005000000000006855
00600001000000000000000211280000000000430580005000000000009042
00600001000000000000000211290000000000177690005000000000003731
00600001000000000000000211300000000000537190005000000000011281
00600001000000000000000211310000000000591740005000000000012426
00600001000000000000000211320000000000264460005000000000005554
00600001000000000000000211330000000000140500005000000000002950
00600001000000000000000211340000000002024790005000000000042521
00600001000000000000000211350000000000541320005000000000011368
00600001000000000000000211360000000000144630005000000000003037
00600001000000000000000211370000000000235540005000000000004946
00600001000000000000000211380000000000272730005000000000005727
00600001000000000000000211390000000000366120005000000000007688
00600001000000000000000211400000000000367770005000000000007723
00600001000000000000000211410000000000260330005000000000005467
00600001000000000000000211420000000001537190005000000000032281
00600001000000000000000211430000000000285120005000000000005988
00600001000000000000000211440000000001942150005000000000040785
00600001000000000000000211450000000001816530005000000000038147
00600001000000000000000211460000000000289260005000000000006074
00600001000000000000000211470000000000330580005000000000006942
00600001000000000000000211480000000002144630005000000000045037
00600001000000000000000211490000000000628100005000000000013190
00600001000000000000000211500000000000367770005000000000007723
00600001000000000000000211510000000000743800005000000000015620
00600001000000000000000211520000000000623970005000000000013103
00600001000000000000000211530000000000144630005000000000003037
00600001000000000000000211540000000000619830005000000000013017
00600001000000000000000211550000000000785120005000000000016488
00600001000000000000000211560000000000136360005000000000002864
00600001000000000000000211570000000000234710005000000000004929
00600001000000000000000211580000000000326450005000000000006855
00600001000000000000000211590000000000119830005000000000002517
00600001000000000000000211600000000000946280005000000000019872
00600001000000000000000211610000000000729750005000000000015325
00600001000000000000000211620000000000066120005000000000001388
00600001000000000000000211630000000000202480005000000000004252
00600001000000000000000211640000000000458680005000000000009632
00600001000000000000000211650000000000826450005000000000017355
00600001000000000000000211660000000000396690005000000000008331
00600001000000000000000211670000000000148760005000000000003124
00600001000000000000000211680000000000231400005000000000004860
00600001000000000000000211690000000000177690005000000000003731
00600001000000000000000211700000000000280990005000000000005901
00600001000000000000000211710000000000491740005000000000010326
00600001000000000000000211720000000000152890005000000000003211
00600001000000000000000211730000000000148760005000000000003124
00600001000000000000000211740000000000272730005000000000005727
00600001000000000000000211750000000000268600005000000000005640
00600001000000000000000211760000000000136360005000000000002864
00600001000000000000000211770000000000214880005000000000004512
00600001000000000000000211780000000000483470005000000000010153
00600001000000000000000211790000000000471070005000000000009893
00600001000000000000000211800000000000516530005000000000010847
00600001000000000000000211810000000000053720005000000000001128
00600001000000000000000211820000000000347110005000000000007289
00600001000000000000000211830000000001553720005000000000032628
00600001000000000000000211840000000000991740005000000000020826
00600001000000000000000211850000000000173550005000000000003645
00600001000000000000000211860000000001119830005000000000023517
00600001000000000000000211870000000000260330005000000000005467
00600001000000000000000211880000000000694210005000000000014579
00600001000000000000000211890000000000280990005000000000005901
00600001000000000000000211900000000000247930005000000000005207
00600001000000000000000211910000000000223140005000000000004686
00600001000000000000000211920000000000971070005000000000020393
00600001000000000000000211930000000000351240005000000000007376
00600001000000000000000211940000000000824790005000000000017321
00600001000000000000000211950000000000297520005000000000006248
00600001000000000000000211960000000001152890005000000000024211
00600001000000000000000211970000000000719010005000000000015099
00600001000000000000000211980000000000384300005000000000008070
00600001000000000000000211990000000001899170005000000000039883
00600001000000000000000212000000000000338840005000000000007116
00600001000000000000000212010000000000973550005000000000020445
00600001000000000000000212020000000000582640005000000000012236
00600001000000000000000212030000000000376030005000000000007897
00600001000000000000000212040000000000806610005000000000016939
00600001000000000000000212050000000000202480005000000000004252
00600001000000000000000212060000000000371900005000000000007810
00600001000000000000000212070000000000471070005000000000009893
00600001000000000000000212080000000001231400005000000000025860
00600001000000000000000212090000000000308260005000000000006474
00600001000000000000000212100000000000429750005000000000009025
00600001000000000000000212110000000000399170005000000000008383
00600001000000000000000212120000000000413220005000000000008678
00600001000000000000000212130000000000512400005000000000010760
00600001000000000000000212140000000000442150005000000000009285
00600001000000000000000212150000000000590910005000000000012409
00600001000000000000000212160000000000601650005000000000012635
00600001000000000000000212170000000000607440005000000000012756
00600001000000000000000212180000000000793390005000000000016661
00600001000000000000000212190000000000450410005000000000009459
00600001000000000000000212200000000000363640005000000000007636
00600001000000000000000212210000000000685950005000000000014405
00600001000000000000000212220000000000420660005000000000008834
00600001000000000000000212230000000000533060005000000000011194
00600001000000000000000212240000000000814050005000000000017095
00600001000000000000000212250000000000235540005000000000004946
00600001000000000000000212260000000000756200005000000000015880
00600001000000000000000212270000000000314050005000000000006595
00600001000000000000000212280000000000289260005000000000006074
00600001000000000000000212290000000000194210005000000000004079
00600001000000000000000212300000000000742150005000000000015585
00600001000000000000000212310000000000888430005000000000018657
00600001000000000000000212320000000000371900005000000000007810
00600001000000000000000212330000000000818180005000000000017182
00600001000000000000000212340000000000963640005000000000020236
00600001000000000000000212350000000000214880005000000000004512
00600001000000000000000212360000000000363640005000000000007636
00600001000000000000000212370000000000231400005000000000004860
00600001000000000000000212380000000000756200005000000000015880
00600001000000000000000212390000000000223140005000000000004686
00600001000000000000000212400000000000508260005000000000010674
00600001000000000000000212410000000000194210005000000000004079
00600001000000000000000212420000000000464460005000000000009754
00600001000000000000000212430000000001208260005000000000025374
00600001000000000000000212440000000001028100005000000000021590
00600001000000000000000212450000000000971070005000000000020393
00600001000000000000000212460000000000157020005000000000003298
00600001000000000000000212470000000001342980005000000000028202
00600001000000000000000212480000000000099170005000000000002083
00600001000000000000000212490000000000574380005000000000012062
00600001000000000000000212500000000000231400005000000000004860
00600001000000000000000212510000000000322310005000000000006769
00600001000000000000000212520000000000446280005000000000009372
00600001000000000000000212530000000000341320005000000000007168
00600001000000000000000212540000000001209090005000000000025391
00600001000000000000000212550000000000227270005000000000004773
00600001000000000000000212560000000000269420005000000000005658
00600001000000000000000212570000000000235540005000000000004946
00600001000000000000000212580000000000377690005000000000007931
00600001000000000000000212590000000002103310005000000000044169
00600001000000000000000212600000000000747930005000000000015707
00600001000000000000000212610000000000194210005000000000004079
00600001000000000000000212620000000000433880005000000000009112
00600001000000000000000212630000000000194210005000000000004079
00600001000000000000000212640000000002066120005000000000043388
00600001000000000000000212650000000000667770005000000000014023
00600001000000000000000212660000000000333060005000000000006994
00600001000000000000000212670000000000371900005000000000007810
00600001000000000000000212680000000000535540005000000000011246
00600001000000000000000212690000000000144630005000000000003037
00600001000000000000000212700000000000433880005000000000009112
00600001000000000000000212710000000001079340005000000000022666
00600001000000000000000212720000000001053720005000000000022128
00600001000000000000000212730000000000413220005000000000008678
00600001000000000000000212740000000000140500005000000000002950
00600001000000000000000212750000000000301650005000000000006335
00600001000000000000000212760000000000805790005000000000016921
00600001000000000000000212770000000000537190005000000000011281
00600001000000000000000212780000000001144630005000000000024037
00600001000000000000000212790000000000475210005000000000009979
00600001000000000000000212800000000000111570005000000000002343
00600001000000000000000212810000000000270250005000000000005675
00600001000000000000000212820000000000661160005000000000013884
00600001000000000000000212830000000000256200005000000000005380
00600001000000000000000212840000000000231400005000000000004860
00600001000000000000000212850000000000409090005000000000008591
00600001000000000000000212860000000000595040005000000000012496
00600001000000000000000212870000000000541320005000000000011368
00600001000000000000000212880000000002890910005000000000060709
00600001000000000000000212890000000000009920005000000000000208
00600001000000000000000212900000000000599170005000000000012583
00600001000000000000000212910000000000454550005000000000009545
00600001000000000000000212920000000000623970005000000000013103
00600001000000000000000212930000000000380170005000000000007983
00600001000000000000000212940000000000384300005000000000008070
00600001000000000000000212950000000000074380005000000000001562
00600001000000000000000212960000000000950410005000000000019959
00600001000000000000000212970000000000412400005000000000008660
00600001000000000000000212980000000001632230005000000000034277
00600001000000000000000212990000000000954550005000000000020045
00600001000000000000000213000000000000413220005000000000008678
00600001000000000000000213010000000000061980005000000000001302
00600001000000000000000213020000000001537190005000000000032281
00600001000000000000000213030000000000371900005000000000007810
00600001000000000000000213040000000000144630005000000000003037
00600001000000000000000213050000000000272730005000000000005727
00600001000000000000000213060000000000115700005000000000002430
00600001000000000000000213070000000000342980005000000000007202
00600001000000000000000213080000000000557850005000000000011715
00600001000000000000000213090000000000484300005000000000010170
00600001000000000000000213100000000000537190005000000000011281
00600001000000000000000213110000000000103310005000000000002169
00600001000000000000000213120000000001053720005000000000022128
00600001000000000000000213130000000000824790005000000000017321
00600001000000000000000213140000000000198350005000000000004165
00600001000000000000000213150000000000495870005000000000010413
00600001000000000000000213160000000000793390005000000000016661
00600001000000000000000213170000000000227270005000000000004773
00600001000000000000000213180000000001545450005000000000032455
00600001000000000000000213190000000000148760005000000000003124
00600001000000000000000213200000000000677690005000000000014231
00600001000000000000000213210000000000119830005000000000002517
00600001000000000000000213220000000000537190005000000000011281
00600001000000000000000213230000000001459500005000000000030650
00600001000000000000000213240000000000064460005000000000001354
00600001000000000000000213250000000000177690005000000000003731
00600001000000000000000213260000000000123970005000000000002603
00600001000000000000000213270000000000256200005000000000005380
00600001000000000000000213280000000000123970005000000000002603
00600001000000000000000213290000000000260330005000000000005467
00600001000000000000000213300000000000557020005000000000011698
00600001000000000000000213310000000000128100005000000000002690
00600001000000000000000213320000000000661160005000000000013884
00600001000000000000000213330000000000446280005000000000009372
00600001000000000000000213340000000000314050005000000000006595
00600001000000000000000213350000000000398350005000000000008365
00600001000000000000000213360000000000198350005000000000004165
00600001000000000000000213370000000000144630005000000000003037
00600001000000000000000213380000000000561980005000000000011802
00600001000000000000000213390000000001761980005000000000037002
00600001000000000000000213400000000000214880005000000000004512
00600001000000000000000213410000000000422310005000000000008869
00600001000000000000000213420000000000144630005000000000003037
00600001000000000000000213430000000000123970005000000000002603
00600001000000000000000213440000000000272730005000000000005727
00600001000000000000000213450000000000537190005000000000011281
00600001000000000000000213460000000000300830005000000000006317
00600001000000000000000213470000000000049590005000000000001041
00600001000000000000000213480000000000619830005000000000013017
00600001000000000000000213490000000002438020005000000000051198
00600001000000000000000213500000000001789260005000000000037574
00600001000000000000000213510000000000150410005000000000003159
00600001000000000000000213520000000000429750005000000000009025
00600001000000000000000213530000000000475210005000000000009979
00600001000000000000000213540000000000024790005000000000000521
00600001000000000000000213550000000000177690005000000000003731
00600001000000000000000213560000000000190080005000000000003992
00600001000000000000000213570000000000272730005000000000005727
00600001000000000000000213580000000000285120005000000000005988
00600001000000000000000213590000000000061980005000000000001302
00600001000000000000000213600000000001611570005000000000033843
00600001000000000000000213610000000000537190005000000000011281
00600001000000000000000213620000000000545450005000000000011455
00600001000000000000000213630000000000239670005000000000005033
00600001000000000000000213640000000000080990005000000000001701
00600001000000000000000213650000000002115700005000000000044430
00600001000000000000000213660000000000136360005000000000002864
00600001000000000000000213670000000000824790005000000000017321
00600001000000000000000213680000000000576860005000000000012114
00600001000000000000000213690000000000475210005000000000009979
00600001000000000000000213700000000000194210005000000000004079
00600001000000000000000213710000000000185950005000000000003905
00600001000000000000000213720000000000214880005000000000004512
00600001000000000000000213730000000005615700005000000000117930
00600001000000000000000213740000000000256200005000000000005380
00600001000000000000000213750000000000719830005000000000015117
00600001000000000000000213760000000000563640005000000000011836
00600001000000000000000213770000000001698350005000000000035665
00600001000000000000000213780000000000233060005000000000004894
00600001000000000000000213790000000000181820005000000000003818
00600001000000000000000213800000000000824790005000000000017321
00600001000000000000000213810000000000421490005000000000008851
00600001000000000000000213820000000001006610005000000000021139
00600001000000000000000213830000000000363640005000000000007636
00600001000000000000000213840000000001772730005000000000037227
00600001000000000000000213850000000000636360005000000000013364
00600001000000000000000213860000000000325620005000000000006838
00600001000000000000000213870000000000363640005000000000007636
00600001000000000000000213880000000000157020005000000000003298
00600001000000000000000213890000000000367770005000000000007723
00600001000000000000000213900000000000611570005000000000012843
00600001000000000000000213910000000000107440005000000000002256
00600001000000000000000213920000000000359500005000000000007550
00600001000000000000000213930000000000979340005000000000020566
00600001000000000000000213940000000000177690005000000000003731
00600001000000000000000213950000000000123970005000000000002603
00600001000000000000000213960000000000490080005000000000010292
00600001000000000000000213970000000000173550005000000000003645
00600001000000000000000213980000000000235540005000000000004946
00600001000000000000000213990000000000611570005000000000012843
00600001000000000000000214000000000000805790005000000000016921
00600001000000000000000214010000000000853720005000000000017928

