00100001000000000000000010000000000001706610005000000000035839
00100001000000000000000010010000000000293390005000000000006161
00100001000000000000000010020000000000578510005000000000012149
00100001000000000000000010030000000003440500005000000000072250
00100001000000000000000010040000000000546280005000000000011472
00100001000000000000000010050000000000619830005000000000013017
00100001000000000000000010060000000000161160005000000000003384
00100001000000000000000010070000000001053720005000000000022128
00100001000000000000000010080000000000461160005000000000009684
00100001000000000000000010090000000001900830005000000000039917
00100001000000000000000010100000000000706610005000000000014839
00600001000000000000000205180000000000718180005000000000015082
00600001000000000000000205190000000000177690005000000000003731
00600001000000000000000205200000000000185950005000000000003905
00600001000000000000000205210000000000223140005000000000004686
00600001000000000000000205220000000000074380005000000000001562
00600001000000000000000205230000000000400830005000000000008417
00600001000000000000000205240000000000619830005000000000013017
00600001000000000000000205250000000000537190005000000000011281
00600001000000000000000205260000000000400830005000000000008417
00600001000000000000000205270000000000123970005000000000002603
00600001000000000000000205280000000000305790005000000000006421
00600001000000000000000205290000000001019830005000000000021417
00600001000000000000000205300000000000983470005000000000020653
00600001000000000000000205310000000000842980005000000000017702
00600001000000000000000205320000000000756200005000000000015880
00600001000000000000000205330000000000801650005000000000016835
00600001000000000000000205340000000000204960005000000000004304
00600001000000000000000205350000000001747930005000000000036707
00600001000000000000000205360000000002152890005000000000045211
00600001000000000000000205370000000000214880005000000000004512
00600001000000000000000205380000000000465290005000000000009771
00600001000000000000000205390000000002636360005000000000055364
00600001000000000000000205400000000005004130005000000000105087
00600001000000000000000205410000000000272730005000000000005727
00600001000000000000000205420000000000458680005000000000009632
00600001000000000000000205430000000000392560005000000000008244
00600001000000000000000205440000000000772730005000000000016227
00600001000000000000000205450000000000638840005000000000013416
00600001000000000000000205460000000001135540005000000000023846
00600001000000000000000205470000000000495870005000000000010413
00600001000000000000000205480000000000826450005000000000017355
00600001000000000000000205490000000001194210005000000000025079
00600001000000000000000205500000000000045450005000000000000955
00600001000000000000000205510000000000268600005000000000005640
00600001000000000000000205520000000000208260005000000000004374
00600001000000000000000205530000000000157020005000000000003298
00600001000000000000000205540000000000268600005000000000005640
00600001000000000000000205550000000000475210005000000000009979
00600001000000000000000205560000000000363640005000000000007636
00600001000000000000000205570000000000132230005000000000002777
00600001000000000000000205580000000000157020005000000000003298
00600001000000000000000205590000000000144630005000000000003037
00600001000000000000000205600000000000245450005000000000005155
00600001000000000000000205610000000000425620005000000000008938
00600001000000000000000205620000000000462810005000000000009719
00600001000000000000000205630000000000595040005000000000012496
00600001000000000000000205640000000000433880005000000000009112
00600001000000000000000205650000000000342980005000000000007202
00600001000000000000000205660000000000479340005000000000010066
00600001000000000000000205670000000000351240005000000000007376
00600001000000000000000205680000000000457020005000000000009598
00600001000000000000000205690000000000322310005000000000006769
00600001000000000000000205700000000000107440005000000000002256
00600001000000000000000205710000000000347110005000000000007289
00600001000000000000000205720000000000268600005000000000005640
00600001000000000000000205730000000001582640005000000000033236
00600001000000000000000205740000000008958680005000000000188132
00600001000000000000000205750000000000223140005000000000004686
00600001000000000000000205760000000002285950005000000000048005
00600001000000000000000205770000000000615700005000000000012930
00600001000000000000000205780000000001446280005000000000030372
00600001000000000000000205790000000001057850005000000000022215
00600001000000000000000205800000000000537190005000000000011281
00600001000000000000000205810000000000863640005000000000018136
00600001000000000000000205820000000018980990005000000000398601
00600001000000000000000205830000000000152890005000000000003211
00600001000000000000000205840000000000136360005000000000002864
00600001000000000000000205850000000000272730005000000000005727
00600001000000000000000205860000000000214880005000000000004512
00600001000000000000000205870000000000781820005000000000016418
00600001000000000000000205880000000000630580005000000000013242
00600001000000000000000205890000000000301650005000000000006335
00600001000000000000000205900000000000347110005000000000007289
00600001000000000000000205910000000000272730005000000000005727
00600001000000000000000205920000000000442150005000000000009285
00600001000000000000000205930000000000338840005000000000007116
00600001000000000000000205950000000000380170005000000000007983
00600001000000000000000205960000000000285120005000000000005988
00600001000000000000000205970000000000041320005000000000000868
00600001000000000000000205980000000000438020005000000000009198
00600001000000000000000205990000000000504130005000000000010587
00600001000000000000000206000000000000099170005000000000002083
00600001000000000000000206010000000000123970005000000000002603
00600001000000000000000206020000000000297520005000000000006248
00600001000000000000000206030000000000227270005000000000004773
00600001000000000000000206040000000000103310005000000000002169
00600001000000000000000206050000000000557850005000000000011715
00600001000000000000000206060000000000123970005000000000002603
00600001000000000000000206070000000000247930005000000000005207
00600001000000000000000206080000000000223140005000000000004686
00600001000000000000000206090000000000115700005000000000002430
00600001000000000000000206100000000000157020005000000000003298
00600001000000000000000206110000000000123970005000000000002603
00600001000000000000000206120000000000161160005000000000003384
00600001000000000000000206130000000000425620005000000000008938
00600001000000000000000206140000000000780990005000000000016401
00600001000000000000000206150000000000192560005000000000004044
00600001000000000000000206160000000000157020005000000000003298
00600001000000000000000206170000000000235540005000000000004946
00600001000000000000000206180000000000322310005000000000006769
00600001000000000000000206190000000000247930005000000000005207
00600001000000000000000206200000000000260330005000000000005467
00600001000000000000000206210000000003320660005000000000069734
00600001000000000000000206220000000000390910005000000000008209
00600001000000000000000206230000000000876030005000000000018397
00600001000000000000000206240000000001016530005000000000021347
00600001000000000000000206250000000000080990005000000000001701
00600001000000000000000206260000000000739670005000000000015533
00600001000000000000000206270000000000330580005000000000006942
00600001000000000000000206280000000000371900005000000000007810
00600001000000000000000206290000000000103310005000000000002169
00600001000000000000000206300000000007640500005000000000160450
00600001000000000000000206310000000000938020005000000000019698
00600001000000000000000206320000000000714880005000000000015012
00600001000000000000000206330000000000863640005000000000018136
00600001000000000000000206340000000000504130005000000000010587
00600001000000000000000206350000000000214880005000000000004512
00600001000000000000000206360000000000541320005000000000011368
00600001000000000000000206370000000000950410005000000000019959
00600001000000000000000206380000000000706610005000000000014839
00600001000000000000000206390000000001033060005000000000021694
00600001000000000000000206400000000000595040005000000000012496
00600001000000000000000206410000000000622310005000000000013069
00600001000000000000000206420000000000173550005000000000003645
00600001000000000000000206430000000000475210005000000000009979
00600001000000000000000206440000000000896690005000000000018831
00600001000000000000000206450000000000342150005000000000007185
00600001000000000000000206460000000000079340005000000000001666
00600001000000000000000206470000000001338840005000000000028116
00600001000000000000000206480000000002103310005000000000044169
00600001000000000000000206490000000000330580005000000000006942
00600001000000000000000206500000000000260330005000000000005467
00600001000000000000000206510000000000333060005000000000006994
00600001000000000000000206520000000001665290005000000000034971
00600001000000000000000206530000000000099170005000000000002083
00600001000000000000000206540000000001128100005000000000023690
00600001000000000000000206550000000000533060005000000000011194
00600001000000000000000206560000000000404960005000000000008504
00600001000000000000000206570000000000439670005000000000009233
00600001000000000000000206580000000000756200005000000000015880
00600001000000000000000206590000000000847110005000000000017789
00600001000000000000000206600000000000268600005000000000005640
00600001000000000000000206610000000000818180005000000000017182
00600001000000000000000206620000000000177690005000000000003731
00600001000000000000000206630000000000499170005000000000010483
00600001000000000000000206640000000000599170005000000000012583
00600001000000000000000206650000000000876030005000000000018397
00600001000000000000000206660000000000531400005000000000011160
00600001000000000000000206670000000000685950005000000000014405
00600001000000000000000206680000000000219010005000000000004599
00600001000000000000000206690000000000376030005000000000007897
00600001000000000000000206700000000000144630005000000000003037
00600001000000000000000206710000000000173550005000000000003645
00600001000000000000000206720000000000150410005000000000003159
00600001000000000000000206730000000002342980005000000000049202
00600001000000000000000206740000000000206610005000000000004339
00600001000000000000000206750000000000432230005000000000009077
00600001000000000000000206760000000000723140005000000000015186
00600001000000000000000206770000000000694210005000000000014579
00600001000000000000000206780000000000809920005000000000017008
00600001000000000000000206790000000001024790005000000000021521
00600001000000000000000206800000000000140500005000000000002950
00600001000000000000000206810000000002070250005000000000043475
00600001000000000000000206820000000000838840005000000000017616
00600001000000000000000206830000000000128100005000000000002690
00600001000000000000000206850000000000008260005000000000000174
00600001000000000000000206860000000000392560005000000000008244
00600001000000000000000206870000000000367770005000000000007723
00600001000000000000000206880000000000487600005000000000010240
00600001000000000000000206890000000000078510005000000000001649
00600001000000000000000206900000000000099170005000000000002083
00600001000000000000000206910000000000070250005000000000001475
00600001000000000000000206920000000000706610005000000000014839
00600001000000000000000206930000000000657020005000000000013798
00600001000000000000000206940000000000289260005000000000006074
00600001000000000000000206950000000000272730005000000000005727
00600001000000000000000206960000000000260330005000000000005467
00600001000000000000000206970000000000338840005000000000007116
00600001000000000000000206980000000000165290005000000000003471
00600001000000000000000206990000000000753720005000000000015828
00600001000000000000000207000000000000595040005000000000012496
00600001000000000000000207010000000000269420005000000000005658
00600001000000000000000207020000000000719010005000000000015099
00600001000000000000000207030000000000309920005000000000006508
00600001000000000000000207040000000000161160005000000000003384
00600001000000000000000207050000000000590910005000000000012409
00600001000000000000000207060000000000111570005000000000002343
00600001000000000000000207070000000000293390005000000000006161
00600001000000000000000207080000000000500000005000000000010500
00600001000000000000000207090000000000185950005000000000003905
00600001000000000000000207100000000000322310005000000000006769
00600001000000000000000207110000000000376030005000000000007897
00600001000000000000000207120000000000363640005000000000007636
00600001000000000000000207130000000000297520005000000000006248
00600001000000000000000207140000000000528930005000000000011107
00600001000000000000000207150000000000446280005000000000009372
00600001000000000000000207160000000000285120005000000000005988
00600001000000000000000207170000000000099170005000000000002083
00600001000000000000000207180000000000772730005000000000016227
00600001000000000000000207190000000000177690005000000000003731
00600001000000000000000207200000000000309920005000000000006508
00600001000000000000000207210000000000586780005000000000012322
00600001000000000000000207220000000000996690005000000000020931
00600001000000000000000207230000000000571900005000000000012010
00600001000000000000000207240000000000289260005000000000006074
00600001000000000000000207250000000000500830005000000000010517
00600001000000000000000207260000000000404960005000000000008504
00600001000000000000000207270000000000221490005000000000004651
00600001000000000000000207280000000000371900005000000000007810
00600001000000000000000207290000000000086780005000000000001822
00600001000000000000000207300000000000144630005000000000003037
00600001000000000000000207310000000000323970005000000000006803
00600001000000000000000207320000000000285120005000000000005988
00600001000000000000000207330000000000173550005000000000003645
00600001000000000000000207340000000003495870005000000000073413
00600001000000000000000207350000000000595040005000000000012496
00600001000000000000000207360000000000384300005000000000008070
00600001000000000000000207370000000000268600005000000000005640
00600001000000000000000207380000000000574380005000000000012062
00600001000000000000000207390000000000756200005000000000015880
00600001000000000000000207400000000000272730005000000000005727
00600001000000000000000207410000000000272730005000000000005727
00600001000000000000000207420000000000491740005000000000010326
00600001000000000000000207430000000001404960005000000000029504
00600001000000000000000207440000000000070250005000000000001475
00600001000000000000000207450000000001459500005000000000030650
00600001000000000000000207460000000000706610005000000000014839
00600001000000000000000207470000000000107440005000000000002256
00600001000000000000000207480000000000339670005000000000007133
00600001000000000000000207490000000000429750005000000000009025
00600001000000000000000207500000000001256200005000000000026380
00600001000000000000000207510000000000272730005000000000005727
00600001000000000000000207520000000000225620005000000000004738
00600001000000000000000207530000000000285120005000000000005988
00600001000000000000000207540000000000450410005000000000009459
00600001000000000000000207550000000000413220005000000000008678
00600001000000000000000207560000000000419830005000000000008817
00600001000000000000000207570000000000140500005000000000002950
00600001000000000000000207580000000000260330005000000000005467
00600001000000000000000207590000000000500000005000000000010500
00600001000000000000000207600000000000309920005000000000006508
00600001000000000000000207610000000000316530005000000000006647
00600001000000000000000207620000000000268600005000000000005640
00600001000000000000000207630000000000466940005000000000009806
00600001000000000000000207640000000001027270005000000000021573
00600001000000000000000207650000000000756200005000000000015880
00600001000000000000000207660000000000202480005000000000004252
00600001000000000000000207670000000000144630005000000000003037
00600001000000000000000207680000000001528930005000000000032107
00600001000000000000000207690000000001297520005000000000027248
00600001000000000000000207700000000000190080005000000000003992
00600001000000000000000207710000000000165290005000000000003471
00600001000000000000000207720000000000260330005000000000005467
00600001000000000000000207730000000000152890005000000000003211
00600001000000000000000207740000000000095040005000000000001996
00600001000000000000000207750000000000648760005000000000013624
00600001000000000000000207760000000000123970005000000000002603
00600001000000000000000207770000000000247930005000000000005207
00600001000000000000000207780000000000289260005000000000006074
00600001000000000000000207790000000000392560005000000000008244
00600001000000000000000207800000000000268600005000000000005640
00600001000000000000000207810000000001734710005000000000036429
00600001000000000000000207820000000000409090005000000000008591
00600001000000000000000207830000000000922310005000000000019369
00600001000000000000000207840000000000148760005000000000003124
00600001000000000000000207850000000000256200005000000000005380
00600001000000000000000207860000000000425620005000000000008938
00600001000000000000000207870000000000607440005000000000012756
00600001000000000000000207880000000000524790005000000000011021
00600001000000000000000207890000000000409090005000000000008591
00600001000000000000000207900000000003183470005000000000066853
00600001000000000000000207910000000001103310005000000000023169
00600001000000000000000207920000000000111570005000000000002343
00600001000000000000000207930000000000111570005000000000002343
00600001000000000000000207940000000000723140005000000000015186
00600001000000000000000207950000000000624790005000000000013121
00600001000000000000000207960000000002741320005000000000057568
00600001000000000000000207970000000000265290005000000000005571
00600001000000000000000207980000000000227270005000000000004773
00600001000000000000000207990000000000392560005000000000008244
00600001000000000000000208000000000000186780005000000000003922
00600001000000000000000208010000000000246280005000000000005172
00600001000000000000000208020000000000388430005000000000008157
00600001000000000000000208030000000000421490005000000000008851
00600001000000000000000208040000000001110740005000000000023326
00600001000000000000000208050000000000479340005000000000010066
00600001000000000000000208060000000001035540005000000000021746
00600001000000000000000208070000000000355370005000000000007463
00600001000000000000000208080000000002144630005000000000045037
00600001000000000000000208090000000000119830005000000000002517
00600001000000000000000208100000000000428930005000000000009007
00600001000000000000000208110000000000822310005000000000017269
00600001000000000000000208120000000000322310005000000000006769
00600001000000000000000208130000000000194210005000000000004079
00600001000000000000000208140000000000702480005000000000014752
00600001000000000000000208150000000000297520005000000000006248
00600001000000000000000208160000000000780990005000000000016401
00600001000000000000000208170000000000074380005000000000001562
00600001000000000000000208180000000000347110005000000000007289
00600001000000000000000208190000000000359500005000000000007550
00600001000000000000000208200000000000495870005000000000010413
00600001000000000000000208210000000000285120005000000000005988
00600001000000000000000208220000000000769420005000000000016158
00600001000000000000000208230000000000380170005000000000007983
00600001000000000000000208240000000000304130005000000000006387
00600001000000000000000208250000000000206610005000000000004339
00600001000000000000000208260000000000628100005000000000013190
00600001000000000000000208270000000000388430005000000000008157
00600001000000000000000208280000000001102480005000000000023152
00600001000000000000000208290000000001061980005000000000022302
00600001000000000000000208300000000000049590005000000000001041
00600001000000000000000208310000000000876030005000000000018397
00600001000000000000000208320000000001314050005000000000027595
00600001000000000000000208330000000000516530005000000000010847
00600001000000000000000208340000000000966940005000000000020306
00600001000000000000000208350000000000326450005000000000006855
00600001000000000000000208360000000000338840005000000000007116
00600001000000000000000208370000000000266120005000000000005588
00600001000000000000000208380000000000297520005000000000006248
00600001000000000000000208390000000000169420005000000000003558
00600001000000000000000208400000000001882640005000000000039536
00600001000000000000000208410000000000363640005000000000007636
00600001000000000000000208430000000001111570005000000000023343
00600001000000000000000208440000000000272730005000000000005727
00600001000000000000000208450000000000491740005000000000010326
00600001000000000000000208460000000000371900005000000000007810
00600001000000000000000208470000000000247930005000000000005207
00600001000000000000000208480000000001561980005000000000032802
00600001000000000000000208490000000000305790005000000000006421
00600001000000000000000208500000000000322310005000000000006769
00600001000000000000000208510000000001293390005000000000027161
00600001000000000000000208520000000000138840005000000000002916
00600001000000000000000208530000000000579340005000000000012166
00600001000000000000000208540000000000585950005000000000012305
00600001000000000000000208550000000000541320005000000000011368
00600001000000000000000208560000000000595040005000000000012496
00600001000000000000000208570000000000487600005000000000010240
00600001000000000000000208580000000000599170005000000000012583
00600001000000000000000208590000000000611570005000000000012843
00600001000000000000000208600000000000690080005000000000014492
00600001000000000000000208610000000000710740005000000000014926
00600001000000000000000208620000000000223140005000000000004686
00600001000000000000000208630000000000462810005000000000009719
00600001000000000000000208640000000000227270005000000000004773
00600001000000000000000208650000000000666120005000000000013988
00600001000000000000000208660000000001651240005000000000034676
00600001000000000000000208670000000000942150005000000000019785
00600001000000000000000208680000000000324790005000000000006821
00600001000000000000000208690000000000458680005000000000009632
00600001000000000000000208700000000001037190005000000000021781
00600001000000000000000208710000000000376030005000000000007897
00600001000000000000000208720000000000936360005000000000019664
00600001000000000000000208730000000000314050005000000000006595
00600001000000000000000208740000000000533060005000000000011194
00600001000000000000000208750000000000355370005000000000007463
00600001000000000000000208760000000000157020005000000000003298
00600001000000000000000208770000000000119830005000000000002517
00600001000000000000000208780000000000690080005000000000014492
00600001000000000000000208790000000000690080005000000000014492
00600001000000000000000208800000000000144630005000000000003037
00600001000000000000000208810000000000392560005000000000008244
00600001000000000000000208820000000000231400005000000000004860
00600001000000000000000208830000000000516530005000000000010847
00600001000000000000000208840000000000319830005000000000006717
00600001000000000000000208850000000000176030005000000000003697
00600001000000000000000208860000000000392560005000000000008244
00600001000000000000000208870000000000557850005000000000011715
00600001000000000000000208880000000000595040005000000000012496
00600001000000000000000208890000000000433880005000000000009112
00600001000000000000000208900000000000289260005000000000006074
00600001000000000000000208910000000000479340005000000000010066
00600001000000000000000208920000000000086780005000000000001822
00600001000000000000000208930000000000991740005000000000020826
00600001000000000000000208940000000000285120005000000000005988
00600001000000000000000208950000000003851240005000000000080876
00600001000000000000000208960000000000231400005000000000004860
00600001000000000000000208970000000000772730005000000000016227
00600001000000000000000208980000000000123970005000000000002603
00600001000000000000000208990000000000628100005000000000013190
00600001000000000000000209000000000000409090005000000000008591
00600001000000000000000209010000000000719010005000000000015099
00600001000000000000000209020000000000545450005000000000011455
00600001000000000000000209030000000000475210005000000000009979
00600001000000000000000209040000000000064460005000000000001354
00600001000000000000000209050000000000690080005000000000014492
00600001000000000000000209060000000000057850005000000000001215
00600001000000000000000209070000000000185950005000000000003905
00600001000000000000000209080000000000246280005000000000005172
00600001000000000000000209090000000000066120005000000000001388
00600001000000000000000209100000000000371900005000000000007810
00600001000000000000000209110000000000876030005000000000018397
00600001000000000000000209120000000000458680005000000000009632
00600001000000000000000209130000000000411570005000000000008643
00600001000000000000000209140000000000438020005000000000009198
00600001000000000000000209150000000000360330005000000000007567
00600001000000000000000209160000000000272730005000000000005727
00600001000000000000000209170000000000406610005000000000008539
00600001000000000000000209180000000001363640005000000000028636
00600001000000000000000209190000000000161160005000000000003384
00600001000000000000000209200000000000123970005000000000002603
00600001000000000000000209210000000000417360005000000000008764
00600001000000000000000209220000000000396690005000000000008331
00600001000000000000000209230000000000491740005000000000010326
00600001000000000000000209240000000000644630005000000000013537
00600001000000000000000209250000000002414050005000000000050695
00600001000000000000000209260000000001847930005000000000038807
00600001000000000000000209270000000000296690005000000000006231
00600001000000000000000209280000000000979340005000000000020566
00600001000000000000000209290000000000818180005000000000017182
00600001000000000000000209300000000000702480005000000000014752
00600001000000000000000209310000000000227270005000000000004773
00600001000000000000000209320000000000326450005000000000006855
00600001000000000000000209330000000000256200005000000000005380
00600001000000000000000209340000000000285120005000000000005988
00600001000000000000000209350000000000345450005000000000007255
00600001000000000000000209360000000000119830005000000000002517
00600001000000000000000209370000000000198350005000000000004165
00600001000000000000000209380000000000227270005000000000004773
00600001000000000000000209390000000000239670005000000000005033
00600001000000000000000209400000000000111570005000000000002343
00600001000000000000000209410000000000487600005000000000010240
00600001000000000000000209420000000000609090005000000000012791
00600001000000000000000209430000000000152890005000000000003211
00600001000000000000000209440000000000557850005000000000011715
00600001000000000000000209450000000000933880005000000000019612
00600001000000000000000209460000000000206610005000000000004339
00600001000000000000000209470000000000574380005000000000012062
00600001000000000000000209480000000000386780005000000000008122
00600001000000000000000209490000000000876030005000000000018397
00600001000000000000000209500000000001057020005000000000022198
00600001000000000000000209510000000000247930005000000000005207
00600001000000000000000209520000000000099170005000000000002083
00600001000000000000000209530000000000256200005000000000005380
00600001000000000000000209540000000000132230005000000000002777
00600001000000000000000209550000000000640500005000000000013450
00600001000000000000000209560000000001355370005000000000028463
00600001000000000000000209570000000000612400005000000000012860
00600001000000000000000209580000000000950410005000000000019959
00600001000000000000000209590000000000223140005000000000004686
00600001000000000000000209600000000000140500005000000000002950
00600001000000000000000209610000000001661160005000000000034884
00600001000000000000000209620000000000743800005000000000015620
00600001000000000000000209630000000000702480005000000000014752
00600001000000000000000209640000000000659500005000000000013850
00600001000000000000000209650000000000280990005000000000005901
00600001000000000000000209660000000000545450005000000000011455
00600001000000000000000209670000000000403310005000000000008469
00600001000000000000000209680000000000342980005000000000007202
00600001000000000000000209690000000000876030005000000000018397
00600001000000000000000209700000000000268600005000000000005640
00600001000000000000000209710000000000272730005000000000005727
00600001000000000000000209720000000000136360005000000000002864
00600001000000000000000209730000000000392560005000000000008244
00600001000000000000000209740000000000663640005000000000013936
00600001000000000000000209750000000000619830005000000000013017
00600001000000000000000209760000000000268600005000000000005640
00600001000000000000000209770000000001014050005000000000021295
00600001000000000000000209780000000000293390005000000000006161
00600001000000000000000209790000000000553720005000000000011628
00600001000000000000000209800000000000347110005000000000007289
00600001000000000000000209810000000000442150005000000000009285
00600001000000000000000209820000000001257020005000000000026398
00600001000000000000000209830000000000225620005000000000004738
00600001000000000000000209840000000000351240005000000000007376
00600001000000000000000209850000000000685120005000000000014388
00600001000000000000000209860000000000371900005000000000007810
00600001000000000000000209870000000000475210005000000000009979
00600001000000000000000209880000000000036360005000000000000764
00600001000000000000000209890000000000190080005000000000003992
00600001000000000000000209900000000000347110005000000000007289
00600001000000000000000209910000000000268600005000000000005640
00600001000000000000000209920000000000342980005000000000007202
00600001000000000000000209930000000000290080005000000000006092
00600001000000000000000209940000000000333880005000000000007012
00600001000000000000000209950000000000619830005000000000013017
00600001000000000000000209960000000000214880005000000000004512
00600001000000000000000209970000000000731400005000000000015360
00600001000000000000000209980000000000892560005000000000018744
00600001000000000000000209990000000000615700005000000000012930
00600001000000000000000210000000000000851240005000000000017876
00600001000000000000000210010000000000500000005000000000010500
00600001000000000000000210020000000000818180005000000000017182
00600001000000000000000210030000000000260330005000000000005467
00100001000000000000000009930000000001639670005000000000034433
00100001000000000000000009940000000000884300005000000000018570
00100001000000000000000009950000000000239670005000000000005033
00100001000000000000000009960000000001495870005000000000031413
00100001000000000000000009970000000000958680005000000000020132
00100001000000000000000009980000000001900830005000000000039917
00100001000000000000000009990000000001115700005000000000023430

