00100001000000000000000010400000000000892560005000000000018744
00100001000000000000000010410000000004719010005000000000099099
00100001000000000000000010420000000002279340005000000000047866
00100001000000000000000010430000000002561980005000000000053802
00100001000000000000000010440000000000640500005000000000013450
00100001000000000000000010450000000011528930005000000000242107
00100001000000000000000010460000000011528930005000000000242107
00100001000000000000000010470000000000490910005000000000010309
00100001000000000000000010480000000001516530005000000000031847
00100001000000000000000010490000000001547110005000000000032489
00100001000000000000000010500000000002892560005000000000060744
00100001000000000000000010510000000002231400005000000000046860
00100001000000000000000010520000000000743800005000000000015620
00100001000000000000000010530000000000882640005000000000018536
00100001000000000000000010540000000001801650005000000000037835
00100001000000000000000010550000000001177690005000000000024731
00100001000000000000000010560000000000253720005000000000005328
00100001000000000000000010570000000000824790005000000000017321
00100001000000000000000010580000000002890910005000000000060709
00100001000000000000000010590000000000644630005000000000013537
00100001000000000000000010600000000004657020005000000000097798
00100001000000000000000010610000000050950410005000000001069959
00100001000000000000000010620000000000824790005000000000017321
00100001000000000000000010630000000000163640005000000000003436
00100001000000000000000010640000000000458680005000000000009632
00600001000000000000000136860000000002314050005000000000048595
00600001000000000000000136870000000000181820005000000000003818
00600001000000000000000136880000000000603310005000000000012669
00600001000000000000000136890000000000768600005000000000016140
00600001000000000000000136900000000000743800005000000000015620
00300001000000000000000000180000000000743800005000000000015620
00600001000000000000000214020000000000176030005000000000003697
00600001000000000000000214030000000000247930005000000000005207
00600001000000000000000214040000000000136360005000000000002864
00600001000000000000000214050000000000491740005000000000010326
00600001000000000000000214060000000000475210005000000000009979
00600001000000000000000214070000000000370250005000000000007775
00600001000000000000000214080000000000797520005000000000016748
00600001000000000000000214090000000000227270005000000000004773
00600001000000000000000214100000000000607440005000000000012756
00600001000000000000000214110000000000442150005000000000009285
00600001000000000000000214120000000000384300005000000000008070
00600001000000000000000214130000000000148760005000000000003124
00600001000000000000000214140000000000448760005000000000009424
00600001000000000000000214150000000000223140005000000000004686
00600001000000000000000214160000000000547110005000000000011489
00600001000000000000000214170000000000247930005000000000005207
00600001000000000000000214180000000000351240005000000000007376
00600001000000000000000214190000000000227270005000000000004773
00600001000000000000000214200000000000820660005000000000017234
00600001000000000000000214210000000000086780005000000000001822
00600001000000000000000214220000000000574380005000000000012062
00600001000000000000000214230000000000231400005000000000004860
00600001000000000000000214240000000000020660005000000000000434
00600001000000000000000214250000000000433880005000000000009112
00600001000000000000000214260000000000672730005000000000014127
00600001000000000000000214270000000001225620005000000000025738
00600001000000000000000214280000000000121490005000000000002551
00600001000000000000000214290000000000909090005000000000019091
00600001000000000000000214300000000000227270005000000000004773
00600001000000000000000214310000000000614880005000000000012912
00600001000000000000000214320000000000239670005000000000005033
00600001000000000000000214330000000003303310005000000000069369
00600001000000000000000214350000000000190080005000000000003992
00600001000000000000000214360000000000508260005000000000010674
00600001000000000000000214370000000000685950005000000000014405
00600001000000000000000214380000000002294210005000000000048179
00600001000000000000000214390000000000301650005000000000006335
00600001000000000000000214400000000000371900005000000000007810
00600001000000000000000214410000000000364460005000000000007654
00600001000000000000000214420000000000194210005000000000004079
00600001000000000000000214430000000001516530005000000000031847
00600001000000000000000214440000000000119830005000000000002517
00600001000000000000000214450000000000657020005000000000013798
00600001000000000000000214460000000000592560005000000000012444
00600001000000000000000214470000000000355370005000000000007463
00600001000000000000000214480000000000289260005000000000006074
00600001000000000000000214490000000000190080005000000000003992
00600001000000000000000214500000000000367770005000000000007723
00600001000000000000000214510000000000789260005000000000016574
00600001000000000000000214520000000000371900005000000000007810
00600001000000000000000214530000000000235540005000000000004946
00600001000000000000000214540000000000185950005000000000003905
00600001000000000000000214550000000000392560005000000000008244
00600001000000000000000214560000000000119830005000000000002517
00600001000000000000000214570000000000351240005000000000007376
00600001000000000000000214580000000000086780005000000000001822
00600001000000000000000214590000000000285120005000000000005988
00600001000000000000000214600000000000504130005000000000010587
00600001000000000000000214610000000000061980005000000000001302
00600001000000000000000214620000000000603310005000000000012669
00600001000000000000000214630000000000466940005000000000009806
00600001000000000000000214640000000000512400005000000000010760
00600001000000000000000214650000000000361160005000000000007584
00600001000000000000000214660000000000128100005000000000002690
00600001000000000000000214670000000000309920005000000000006508
00600001000000000000000214680000000000499170005000000000010483
00600001000000000000000214690000000000293390005000000000006161
00600001000000000000000214700000000000256200005000000000005380
00600001000000000000000214710000000000194210005000000000004079
00600001000000000000000214720000000000826450005000000000017355
00600001000000000000000214730000000000512400005000000000010760
00600001000000000000000214740000000000285120005000000000005988
00600001000000000000000214750000000000210740005000000000004426
00600001000000000000000214760000000002509090005000000000052691
00600001000000000000000214770000000000442980005000000000009302
00600001000000000000000214780000000000582640005000000000012236
00600001000000000000000214790000000000459500005000000000009650
00600001000000000000000214800000000000436360005000000000009164
00600001000000000000000214810000000000421490005000000000008851
00600001000000000000000214820000000001359500005000000000028550
00600001000000000000000214830000000000780990005000000000016401
00600001000000000000000214840000000001016530005000000000021347
00600001000000000000000214850000000000231400005000000000004860
00600001000000000000000214860000000000243800005000000000005120
00600001000000000000000214870000000000338840005000000000007116
00600001000000000000000214880000000000314050005000000000006595
00600001000000000000000214890000000000214880005000000000004512
00600001000000000000000214900000000001861160005000000000039084
00600001000000000000000214910000000000351240005000000000007376
00600001000000000000000214920000000008871900005000000000186310
00600001000000000000000214930000000000319010005000000000006699
00600001000000000000000214940000000000290910005000000000006109
00600001000000000000000214950000000000318180005000000000006682
00600001000000000000000214960000000000198350005000000000004165
00600001000000000000000214970000000000442150005000000000009285
00600001000000000000000214980000000000392560005000000000008244
00600001000000000000000214990000000000416530005000000000008747
00600001000000000000000215000000000000239670005000000000005033
00600001000000000000000215010000000000272730005000000000005727
00600001000000000000000215020000000000128100005000000000002690
00600001000000000000000215030000000000264460005000000000005554
00600001000000000000000215040000000000309920005000000000006508
00600001000000000000000215050000000000452070005000000000009493
00600001000000000000000215060000000000144630005000000000003037
00600001000000000000000215070000000001066120005000000000022388
00600001000000000000000215080000000000309920005000000000006508
00600001000000000000000215090000000000095040005000000000001996
00600001000000000000000215100000000000160330005000000000003367
00600001000000000000000215110000000000066120005000000000001388
00600001000000000000000215120000000000512400005000000000010760
00600001000000000000000215130000000000247930005000000000005207
00600001000000000000000215140000000000322310005000000000006769
00600001000000000000000215150000000000163640005000000000003436
00600001000000000000000215160000000000409090005000000000008591
00600001000000000000000215170000000000523140005000000000010986
00600001000000000000000215180000000000428100005000000000008990
00600001000000000000000215190000000000140500005000000000002950
00600001000000000000000215200000000000123970005000000000002603
00600001000000000000000215210000000000388430005000000000008157
00600001000000000000000215220000000000719010005000000000015099
00600001000000000000000215230000000000289260005000000000006074
00600001000000000000000215240000000000264460005000000000005554
00600001000000000000000215250000000000119830005000000000002517
00600001000000000000000215260000000000520660005000000000010934
00600001000000000000000215270000000001033060005000000000021694
00600001000000000000000215280000000001636360005000000000034364
00600001000000000000000215290000000000483470005000000000010153
00600001000000000000000215300000000000495870005000000000010413
00600001000000000000000215310000000000903310005000000000018969
00600001000000000000000215320000000000404960005000000000008504
00600001000000000000000215330000000000561980005000000000011802
00600001000000000000000215340000000000206610005000000000004339
00600001000000000000000215350000000000123970005000000000002603
00600001000000000000000215360000000000429750005000000000009025
00600001000000000000000215370000000000152890005000000000003211
00600001000000000000000215380000000000557850005000000000011715
00600001000000000000000215390000000000198350005000000000004165
00600001000000000000000215400000000000177690005000000000003731
00600001000000000000000215410000000000309920005000000000006508
00600001000000000000000215420000000000723140005000000000015186
00600001000000000000000215430000000000219010005000000000004599
00600001000000000000000215440000000000247930005000000000005207
00600001000000000000000215450000000000458680005000000000009632
00600001000000000000000215460000000000233060005000000000004894
00600001000000000000000215470000000000268600005000000000005640
00600001000000000000000215480000000000260330005000000000005467
00600001000000000000000215490000000000420660005000000000008834
00600001000000000000000215500000000000235540005000000000004946
00600001000000000000000215510000000000214880005000000000004512
00600001000000000000000215520000000000198350005000000000004165
00600001000000000000000215530000000000657020005000000000013798
00600001000000000000000215540000000000173550005000000000003645
00600001000000000000000215550000000000235540005000000000004946
00600001000000000000000215560000000000279340005000000000005866
00600001000000000000000215570000000000545450005000000000011455
00600001000000000000000215580000000000219010005000000000004599
00600001000000000000000215590000000000080990005000000000001701
00600001000000000000000215600000000000256200005000000000005380
00600001000000000000000215610000000000458680005000000000009632
00600001000000000000000215620000000000256200005000000000005380
00600001000000000000000215630000000000322310005000000000006769
00600001000000000000000215640000000000326450005000000000006855
00600001000000000000000215650000000000352070005000000000007393
00600001000000000000000215660000000001043800005000000000021920
00600001000000000000000215670000000000177690005000000000003731
00600001000000000000000215680000000000194210005000000000004079
00600001000000000000000215690000000001086780005000000000022822
00600001000000000000000215700000000000285120005000000000005988
00600001000000000000000215710000000000264460005000000000005554
00600001000000000000000215720000000000801650005000000000016835
00600001000000000000000215730000000000537190005000000000011281
00600001000000000000000215740000000000403310005000000000008469
00600001000000000000000215750000000000289260005000000000006074
00600001000000000000000215760000000000685950005000000000014405
00600001000000000000000215770000000000190080005000000000003992
00600001000000000000000215780000000000246280005000000000005172
00600001000000000000000215790000000000123970005000000000002603
00600001000000000000000215800000000000136360005000000000002864
00600001000000000000000215810000000000144630005000000000003037
00600001000000000000000215820000000000655370005000000000013763
00600001000000000000000215830000000000219010005000000000004599
00600001000000000000000215840000000000080990005000000000001701
00600001000000000000000215850000000000328930005000000000006907
00600001000000000000000215860000000000264460005000000000005554
00600001000000000000000215870000000000268600005000000000005640
00600001000000000000000215880000000000367770005000000000007723
00600001000000000000000215890000000000809920005000000000017008
00600001000000000000000215900000000001653720005000000000034728
00600001000000000000000215910000000000090910005000000000001909
00600001000000000000000215920000000000297520005000000000006248
00600001000000000000000215930000000000128100005000000000002690
00600001000000000000000215940000000000669420005000000000014058
00600001000000000000000215950000000001748760005000000000036724
00600001000000000000000215960000000001498350005000000000031465
00600001000000000000000215970000000000246280005000000000005172
00600001000000000000000215980000000000976860005000000000020514
00600001000000000000000215990000000000243800005000000000005120
00600001000000000000000216000000000000235540005000000000004946
00600001000000000000000216010000000000731400005000000000015360
00600001000000000000000216020000000000576860005000000000012114
00600001000000000000000216030000000000140500005000000000002950
00600001000000000000000216040000000000359500005000000000007550
00600001000000000000000216050000000000333060005000000000006994
00600001000000000000000216060000000000219010005000000000004599
00600001000000000000000216070000000000475210005000000000009979
00600001000000000000000216080000000000144630005000000000003037
00600001000000000000000216090000000000516530005000000000010847
00600001000000000000000216100000000000297520005000000000006248
00600001000000000000000216110000000000219010005000000000004599
00600001000000000000000216120000000000438020005000000000009198
00600001000000000000000216130000000000475210005000000000009979
00600001000000000000000216140000000000404960005000000000008504
00600001000000000000000216150000000000227270005000000000004773
00600001000000000000000216160000000001764460005000000000037054
00600001000000000000000216170000000001188430005000000000024957
00600001000000000000000216180000000000308260005000000000006474
00600001000000000000000216190000000000663640005000000000013936
00600001000000000000000216200000000001436360005000000000030164
00600001000000000000000216210000000000433880005000000000009112
00600001000000000000000216220000000000148760005000000000003124
00600001000000000000000216230000000000299170005000000000006283
00600001000000000000000216240000000000570250005000000000011975
00600001000000000000000216250000000000392560005000000000008244
00600001000000000000000216260000000000892560005000000000018744
00600001000000000000000216270000000000279340005000000000005866
00600001000000000000000216280000000000314050005000000000006595
00600001000000000000000216290000000000504130005000000000010587
00600001000000000000000216300000000000976030005000000000020497
00600001000000000000000216310000000000446280005000000000009372
00600001000000000000000216320000000000619830005000000000013017
00600001000000000000000216330000000000516530005000000000010847
00600001000000000000000216340000000000433880005000000000009112
00600001000000000000000216350000000000330580005000000000006942
00600001000000000000000216360000000000991740005000000000020826
00600001000000000000000216370000000000177690005000000000003731
00600001000000000000000216380000000000942150005000000000019785
00600001000000000000000216390000000000553720005000000000011628
00600001000000000000000216400000000000409090005000000000008591
00600001000000000000000216410000000001735540005000000000036446
00600001000000000000000216420000000001041320005000000000021868
00600001000000000000000216430000000000674380005000000000014162
00600001000000000000000216440000000000892560005000000000018744
00600001000000000000000216450000000001648760005000000000034624
00600001000000000000000216460000000000603310005000000000012669
00600001000000000000000216470000000000466940005000000000009806
00600001000000000000000216480000000000491740005000000000010326
00600001000000000000000216490000000001330580005000000000027942
00600001000000000000000216500000000001537190005000000000032281
00600001000000000000000216510000000001177690005000000000024731
00600001000000000000000216520000000001702480005000000000035752
00600001000000000000000216530000000001728930005000000000036307
00600001000000000000000216540000000000535540005000000000011246
00600001000000000000000216550000000000557850005000000000011715
00600001000000000000000216560000000000264460005000000000005554
00600001000000000000000216570000000001724790005000000000036221
00600001000000000000000216580000000000115700005000000000002430
00600001000000000000000216590000000000161160005000000000003384
00600001000000000000000216600000000000086780005000000000001822
00600001000000000000000216610000000000305790005000000000006421
00600001000000000000000216620000000000264460005000000000005554
00600001000000000000000216630000000001202480005000000000025252
00600001000000000000000216640000000000351240005000000000007376
00600001000000000000000216650000000000676860005000000000014214
00600001000000000000000216660000000000140500005000000000002950
00600001000000000000000216670000000000844630005000000000017737
00600001000000000000000216680000000000243800005000000000005120
00600001000000000000000216690000000000690080005000000000014492
00600001000000000000000216700000000000322310005000000000006769
00600001000000000000000216710000000002337190005000000000049081
00600001000000000000000216720000000000326450005000000000006855
00600001000000000000000216730000000000268600005000000000005640
00600001000000000000000216740000000000214880005000000000004512
00600001000000000000000216750000000000227270005000000000004773
00600001000000000000000216760000000000795870005000000000016713
00600001000000000000000216770000000000329750005000000000006925
00600001000000000000000216780000000000123970005000000000002603
00600001000000000000000216790000000000177690005000000000003731
00600001000000000000000216800000000000289260005000000000006074
00600001000000000000000216810000000001256200005000000000026380
00600001000000000000000216820000000001033060005000000000021694
00600001000000000000000216830000000001512400005000000000031760
00600001000000000000000216840000000000706610005000000000014839
00600001000000000000000216850000000000185950005000000000003905
00600001000000000000000216860000000000318180005000000000006682
00600001000000000000000216870000000000789260005000000000016574
00600001000000000000000216880000000000458680005000000000009632
00600001000000000000000216890000000000161160005000000000003384
00600001000000000000000216900000000000318180005000000000006682
00600001000000000000000216910000000000161160005000000000003384
00600001000000000000000216920000000000359500005000000000007550
00600001000000000000000216930000000000328930005000000000006907
00600001000000000000000216940000000000433880005000000000009112
00600001000000000000000216950000000000086780005000000000001822
00600001000000000000000216960000000000628930005000000000013207
00600001000000000000000216970000000000976030005000000000020497
00600001000000000000000216980000000000595040005000000000012496
00600001000000000000000216990000000000495040005000000000010396
00600001000000000000000217000000000000246280005000000000005172
00600001000000000000000217010000000002022310005000000000042469
00600001000000000000000217020000000000074380005000000000001562
00600001000000000000000217030000000000282640005000000000005936
00600001000000000000000217040000000001289260005000000000027074
00600001000000000000000217050000000000128100005000000000002690
00600001000000000000000217060000000001109920005000000000023308
00600001000000000000000217070000000001082640005000000000022736
00600001000000000000000217080000000000309920005000000000006508
00600001000000000000000217090000000001177690005000000000024731
00600001000000000000000217100000000000347110005000000000007289
00600001000000000000000217110000000000327270005000000000006873
00600001000000000000000217120000000000814050005000000000017095
00600001000000000000000217130000000001012400005000000000021260
00600001000000000000000217140000000000239670005000000000005033
00600001000000000000000217150000000000190080005000000000003992
00600001000000000000000217160000000000243800005000000000005120
00600001000000000000000217170000000001123970005000000000023603
00600001000000000000000217180000000000202480005000000000004252
00600001000000000000000217190000000000454550005000000000009545
00600001000000000000000217200000000000657020005000000000013798
00600001000000000000000217210000000002024790005000000000042521
00600001000000000000000217220000000000355370005000000000007463
00600001000000000000000217230000000000272730005000000000005727
00600001000000000000000217240000000000049590005000000000001041
00600001000000000000000217250000000000442150005000000000009285
00600001000000000000000217260000000000537190005000000000011281
00600001000000000000000217270000000000198350005000000000004165
00600001000000000000000217280000000000842980005000000000017702
00600001000000000000000217290000000000123970005000000000002603
00600001000000000000000217300000000000235540005000000000004946
00600001000000000000000217310000000000301650005000000000006335
00600001000000000000000217320000000000483470005000000000010153
00600001000000000000000217330000000000185950005000000000003905
00600001000000000000000217340000000000132230005000000000002777
00600001000000000000000217350000000000814050005000000000017095
00600001000000000000000217360000000000061980005000000000001302
00600001000000000000000217370000000000523970005000000000011003
00600001000000000000000217380000000000280990005000000000005901
00600001000000000000000217390000000000147110005000000000003089
00600001000000000000000217400000000000942150005000000000019785
00600001000000000000000217410000000004885950005000000000102605
00600001000000000000000217420000000000814050005000000000017095
00600001000000000000000217430000000000107440005000000000002256
00600001000000000000000217440000000001867770005000000000039223
00600001000000000000000217450000000000198350005000000000004165
00600001000000000000000217460000000000898350005000000000018865
00600001000000000000000217470000000000772730005000000000016227
00600001000000000000000217480000000000165290005000000000003471
00600001000000000000000217490000000000485950005000000000010205
00600001000000000000000217500000000000475210005000000000009979
00600001000000000000000217510000000000309920005000000000006508
00600001000000000000000217520000000000202480005000000000004252
00600001000000000000000217530000000000396690005000000000008331
00600001000000000000000217540000000004611570005000000000096843
00600001000000000000000217550000000000483470005000000000010153
00600001000000000000000217560000000000119830005000000000002517
00600001000000000000000217570000000000227270005000000000004773
00600001000000000000000217580000000000392560005000000000008244
00600001000000000000000217590000000001289260005000000000027074
00600001000000000000000217600000000000826450005000000000017355
00600001000000000000000217610000000000285120005000000000005988
00600001000000000000000217620000000000163640005000000000003436
00600001000000000000000217630000000000181820005000000000003818
00600001000000000000000217640000000000376030005000000000007897
00600001000000000000000217650000000000495040005000000000010396
00600001000000000000000217660000000000229750005000000000004825
00600001000000000000000217670000000000264460005000000000005554
00600001000000000000000217680000000000190080005000000000003992
00600001000000000000000217690000000000246280005000000000005172
00600001000000000000000217700000000000146280005000000000003072
00600001000000000000000217710000000000322310005000000000006769
00600001000000000000000217720000000000490080005000000000010292
00600001000000000000000217730000000000611570005000000000012843
00600001000000000000000217740000000000423970005000000000008903
00600001000000000000000217750000000000545450005000000000011455
00600001000000000000000217760000000000264460005000000000005554
00600001000000000000000217770000000000605790005000000000012721
00600001000000000000000217780000000000444630005000000000009337
00600001000000000000000217790000000000466940005000000000009806
00600001000000000000000217800000000000246280005000000000005172
00600001000000000000000217810000000000371900005000000000007810
00600001000000000000000217820000000000380170005000000000007983
00600001000000000000000217830000000008059500005000000000169250
00600001000000000000000217840000000000462810005000000000009719
00600001000000000000000217850000000000948760005000000000019924
00600001000000000000000217860000000000347110005000000000007289
00600001000000000000000217870000000000259500005000000000005450
00600001000000000000000217880000000000082640005000000000001736
00600001000000000000000217890000000001673550005000000000035145
00600001000000000000000217900000000000246280005000000000005172
00600001000000000000000217910000000000601650005000000000012635
00600001000000000000000217920000000000471070005000000000009893
00600001000000000000000217930000000000163640005000000000003436
00600001000000000000000217940000000000202480005000000000004252
00600001000000000000000217950000000000272730005000000000005727
00600001000000000000000217960000000000395870005000000000008313
00600001000000000000000217970000000000297520005000000000006248
00600001000000000000000217980000000000841320005000000000017668
00600001000000000000000217990000000000157020005000000000003298
00600001000000000000000218000000000000681820005000000000014318
00600001000000000000000218010000000000090910005000000000001909
00600001000000000000000218020000000000657850005000000000013815
00600001000000000000000218030000000000646280005000000000013572
00600001000000000000000218040000000000442150005000000000009285
00600001000000000000000218050000000000471070005000000000009893
00600001000000000000000218060000000000231400005000000000004860
00600001000000000000000218070000000000795040005000000000016696
00600001000000000000000218080000000000404960005000000000008504
00600001000000000000000218090000000000223140005000000000004686
00600001000000000000000218100000000000760330005000000000015967
00600001000000000000000218110000000000466940005000000000009806
00600001000000000000000218120000000000727270005000000000015273
00600001000000000000000218130000000000392560005000000000008244
00600001000000000000000218140000000000289260005000000000006074
00600001000000000000000218150000000000661160005000000000013884
00600001000000000000000218160000000000404960005000000000008504
00600001000000000000000218170000000000123970005000000000002603
00600001000000000000000218180000000000198350005000000000004165
00600001000000000000000218190000000000312400005000000000006560
00600001000000000000000218210000000000123970005000000000002603
00600001000000000000000218220000000000826450005000000000017355
00600001000000000000000218230000000000144630005000000000003037
00600001000000000000000218240000000000285120005000000000005988
00600001000000000000000218250000000000177690005000000000003731
00600001000000000000000218260000000000644630005000000000013537
00600001000000000000000218270000000000247930005000000000005207
00600001000000000000000218280000000000148760005000000000003124
00600001000000000000000218290000000000285120005000000000005988
00600001000000000000000218300000000000433880005000000000009112
00600001000000000000000218310000000000144630005000000000003037
00600001000000000000000218320000000000111570005000000000002343
00600001000000000000000218330000000000198350005000000000004165
00600001000000000000000218340000000000454550005000000000009545
00600001000000000000000218350000000001239670005000000000026033
00600001000000000000000218360000000001552070005000000000032593
00600001000000000000000218370000000000169420005000000000003558
00600001000000000000000218380000000000686780005000000000014422
00600001000000000000000218390000000000256200005000000000005380
00600001000000000000000218400000000000309920005000000000006508
00600001000000000000000218410000000001015700005000000000021330
00600001000000000000000218420000000000318180005000000000006682
00600001000000000000000218430000000000785120005000000000016488
00600001000000000000000218440000000000371900005000000000007810
00600001000000000000000218450000000000585120005000000000012288
00600001000000000000000218460000000000287600005000000000006040
00600001000000000000000218470000000000528930005000000000011107
00600001000000000000000218480000000000285120005000000000005988
00600001000000000000000218490000000000285120005000000000005988
00600001000000000000000218500000000000219010005000000000004599
00600001000000000000000218510000000000111570005000000000002343
00600001000000000000000218520000000000589260005000000000012374
00600001000000000000000218530000000000219010005000000000004599
00600001000000000000000218540000000000590910005000000000012409
00600001000000000000000000300000000002890910005000000000060709

