001000010000000000001201604180000000000306394539750000000000845500006000000000022829
001000030000000000000000033080000000000202225521340000000003719010005000000000078099
001000140000000000000000028280000000000307089261550000000001990520005000000000041801
001000030000000000000000707280000000000307109418540000000002630000005000000000055230
001000050000000000000000273980000000000307073096590000000014670000005000000000308070
001000050000000000000000274080000000000307073096590000000002446250005000000000051371
001000080000000000000010116180000000000305457267220000000002444570006000000000066003
001000060000000000000001581880000000000306055946340000000030114250005000000000632399
001000240000000000000000266380000000000306702886130000000000395620005000000000008308
001000260000000000000017319480000000000337072598390000000005847600005000000000122800
001000030000000000000000321280000000000307111908950000000000300000005000000000006300
001025050000000000000000381880000000000305067300380000000000144210005000000000003028
001000020000000000000000179080000000000201619748470000000002299200005000000000048283
001000050000000000000001012280000000000307117783020000000008457500005000000000177608
001000980000000000000000878480000000000307090071610000000003444200005000000000072328
001000070000000000000000416780000000000307092223990000000001033700005000000000021708
001000070000000000000000416680000000000307092223990000000010357200005000000000217501
001000070000000000000000416580000000000307092223990000000009328200005000000000195892
001000010000000000000000001980000000000307146706180000000022000000005000000000462000
001000040000000000000000122680000000000201267151110000000000297480005000000000006247
001000030000000000000000025380000000000307085254360000000016010190005000000000336214

