001000080000000000000004232580000000000305457267220000000001511580005000000000031743
001000010000000000002015031380000000000306394539750000000000563320005000000000011830
001000030000000000000000014380000000000202225521340000000002975210005000000000062479
001000020000000000000000595680000000000201267151110000000000207990005000000000004368
001000010000000000000000203780000000000307111908950000000000250000005000000000005250
001000010000000000000000186380000000000232477726690000000001785120005000000000037488
001000010000000000000000000680000000000307146706180000000022000000005000000000462000
001000040000000000000000166680000000000307103972830000000002049000005000000000043029
001000020000000000000000264580000000000307085254360000000016878790005000000000354455
001000160000000000000009786880000000000305998691380000000024290250005000000000510095
001025060000000000000000352880000000000305067300380000000000156490005000000000003286
001000040000000000000783813280000000000306578644270000000000054060005000000000001135
001000030000000000000002919580000000000307082734530000000009464600005000000000198757
001000030000000000000002919680000000000307082734530000000012748300005000000000267714
001000100000000000000000148780000000000306702886130000000000848890005000000000017827
001000020000000000000000489580000000000307104059280000000002685150005000000000056388
001000010000000000000000470680000000000271375397000000000041717000005000000000876057
001000040000000000000011968380000000000307089261550000000003586660005000000000075320
001000010000000000000002763480000000000307072682190000000021883560005000000000459555
001000010000000000000002763580000000000307072682190000000004578000005000000000096138
001000520000000000000002575580000000000305832102760000000007246080005000000000152168
001000020000000000000002660880000000000307102893750000000014055800005000000000295172
001000050000000000000000344580000000000306826473680000000002796480005000000000058726
001000010000000000000000982880000000000201619748470000000000859060005000000000018040
001000040000000000000011998480000000000307089261550000000008066550005000000000169398
001000050000000000000000130080000000000307073096590000000014737350005000000000309484
001000050000000000000000130480000000000307073096590000000000169000005000000000003549
