00100001000000000000000011490000000000628100005000000000013190
00100001000000000000000011500000000000694210005000000000014579
00100001000000000000000011510000000000549590005000000000011541
00100001000000000000000011520000000001580990005000000000033201
00100001000000000000000011530000000000541320005000000000011368
00100001000000000000000011540000000001863640005000000000039136
00100001000000000000000011550000000001471070005000000000030893
00100001000000000000000011560000000001078510005000000000022649
00600001000000000000000235140000000000824790005000000000017321
00600001000000000000000235150000000001194210005000000000025079
00600001000000000000000235160000000000280990005000000000005901
00600001000000000000000235170000000000144630005000000000003037
00600001000000000000000235180000000001148760005000000000024124
00600001000000000000000235190000000000393510005000000000008264
00600001000000000000000235200000000000144630005000000000003037
00600001000000000000000235210000000000194210005000000000004079
00600001000000000000000235220000000000119830005000000000002517
00600001000000000000000235230000000000409090005000000000008591
00600001000000000000000235240000000001066120005000000000022388
00600001000000000000000235250000000000161160005000000000003384
00600001000000000000000235260000000000309920005000000000006508
00600001000000000000000235270000000000421490005000000000008851
00600001000000000000000235280000000000429750005000000000009025
00600001000000000000000235290000000000305790005000000000006421
00600001000000000000000235300000000000099170005000000000002083
00600001000000000000000235310000000000549590005000000000011541
00600001000000000000000235320000000000731400005000000000015360
00600001000000000000000235330000000000648760005000000000013624
00600001000000000000000235340000000000409090005000000000008591
00600001000000000000000235350000000000194210005000000000004079
00600001000000000000000235360000000000315700005000000000006630
00600001000000000000000235370000000000256200005000000000005380
00600001000000000000000235380000000000351240005000000000007376
00600001000000000000000235390000000000640500005000000000013450
00600001000000000000000235400000000000359500005000000000007550
00600001000000000000000235410000000001280990005000000000026901
00600001000000000000000235420000000000243800005000000000005120
00600001000000000000000235430000000001793390005000000000037661
00600001000000000000000235440000000000214880005000000000004512
00600001000000000000000235450000000000471070005000000000009893
00600001000000000000000235460000000000219010005000000000004599
00600001000000000000000235470000000000309920005000000000006508
00600001000000000000000235480000000001109920005000000000023308
00600001000000000000000235490000000001537190005000000000032281
00600001000000000000000235500000000000495870005000000000010413
00600001000000000000000235510000000000425620005000000000008938
00600001000000000000000235520000000000570250005000000000011975
00600001000000000000000235530000000000235540005000000000004946
00600001000000000000000235540000000000561980005000000000011802
00600001000000000000000235550000000000483470005000000000010153
00600001000000000000000235560000000000557850005000000000011715
00600001000000000000000235570000000000557850005000000000011715
00600001000000000000000235580000000001206610005000000000025339
00600001000000000000000235590000000000574380005000000000012062
00600001000000000000000235600000000000512400005000000000010760
00600001000000000000000235610000000000394210005000000000008279
00600001000000000000000235620000000000177690005000000000003731
00600001000000000000000235630000000000342980005000000000007202
00600001000000000000000235640000000000396690005000000000008331
00600001000000000000000235650000000000545450005000000000011455
00600001000000000000000235660000000000390910005000000000008209
00600001000000000000000235670000000000194210005000000000004079
00600001000000000000000235680000000000367770005000000000007723
00600001000000000000000235690000000000132230005000000000002777
00600001000000000000000235700000000000942150005000000000019785
00600001000000000000000235710000000000080990005000000000001701
00600001000000000000000235720000000000152890005000000000003211
00600001000000000000000235730000000000432230005000000000009077
00600001000000000000000235740000000000432230005000000000009077
00600001000000000000000235750000000000289260005000000000006074
00600001000000000000000235760000000000991860005000000000020829
00600001000000000000000235770000000000061980005000000000001302
00600001000000000000000235780000000000289260005000000000006074
00600001000000000000000235790000000000285120005000000000005988
00600001000000000000000235800000000001110740005000000000023326
00600001000000000000000235810000000000256200005000000000005380
00600001000000000000000235820000000000161160005000000000003384
00600001000000000000000235830000000000404960005000000000008504
00600001000000000000000235840000000000590910005000000000012409
00600001000000000000000235850000000000161160005000000000003384
00600001000000000000000235860000000000628100005000000000013190
00600001000000000000000235870000000000177690005000000000003731
00600001000000000000000235880000000001036360005000000000021764
00600001000000000000000235890000000001789260005000000000037574
00600001000000000000000235900000000000289260005000000000006074
00600001000000000000000235910000000000301650005000000000006335
00600001000000000000000235920000000000322310005000000000006769
00600001000000000000000235930000000001545450005000000000032455
00600001000000000000000235940000000000194210005000000000004079
00600001000000000000000235950000000000438020005000000000009198
00600001000000000000000235960000000000425620005000000000008938
00600001000000000000000235970000000000194210005000000000004079
00600001000000000000000235980000000001318180005000000000027682
00600001000000000000000235990000000000380170005000000000007983
00600001000000000000000236000000000000123970005000000000002603
00600001000000000000000236010000000000409090005000000000008591
00600001000000000000000236020000000000500000005000000000010500
00600001000000000000000236030000000000623970005000000000013103
00600001000000000000000236040000000000595040005000000000012496
00600001000000000000000236050000000001115700005000000000023430
00600001000000000000000236060000000001115700005000000000023430
00600001000000000000000236070000000000351240005000000000007376
00600001000000000000000236080000000000574380005000000000012062
00600001000000000000000236090000000000976030005000000000020497
00600001000000000000000236100000000000871900005000000000018310
00600001000000000000000236110000000000462810005000000000009719
00600001000000000000000236120000000000231400005000000000004860
00600001000000000000000236130000000000466940005000000000009806
00600001000000000000000236140000000000706610005000000000014839
00600001000000000000000236150000000000438020005000000000009198
00600001000000000000000236160000000001746280005000000000036672
00600001000000000000000236170000000000214880005000000000004512
00600001000000000000000236180000000001132230005000000000023777
00600001000000000000000236190000000000531400005000000000011160
00600001000000000000000236200000000000173550005000000000003645
00600001000000000000000236210000000000824790005000000000017321
00600001000000000000000236220000000000657020005000000000013798
00600001000000000000000236230000000000152890005000000000003211
00600001000000000000000236240000000000144630005000000000003037
00600001000000000000000236250000000000404960005000000000008504
00600001000000000000000236260000000002256200005000000000047380
00600001000000000000000236270000000000243800005000000000005120
00600001000000000000000236280000000000644630005000000000013537
00600001000000000000000236290000000000483470005000000000010153
00600001000000000000000236300000000000086780005000000000001822
00600001000000000000000236310000000000297520005000000000006248
00600001000000000000000236320000000000194210005000000000004079
00600001000000000000000236330000000000338840005000000000007116
00600001000000000000000236340000000000462810005000000000009719
00600001000000000000000236350000000000260330005000000000005467
00600001000000000000000236360000000001103310005000000000023169
00600001000000000000000236370000000000227270005000000000004773
00600001000000000000000236380000000000243800005000000000005120
00600001000000000000000236390000000001611570005000000000033843
00600001000000000000000236400000000000253720005000000000005328
00600001000000000000000236410000000000545450005000000000011455
00600001000000000000000236420000000000409090005000000000008591
00600001000000000000000236430000000000293390005000000000006161
00600001000000000000000236440000000000876030005000000000018397
00600001000000000000000236450000000002000830005000000000042017
00600001000000000000000236460000000001768600005000000000037140
00600001000000000000000236470000000000619830005000000000013017
00600001000000000000000236480000000000591740005000000000012426
00600001000000000000000236490000000000132230005000000000002777
00600001000000000000000236500000000000289260005000000000006074
00600001000000000000000236510000000000152890005000000000003211
00600001000000000000000236520000000000797520005000000000016748
00600001000000000000000236530000000000330580005000000000006942
00600001000000000000000236540000000000152890005000000000003211
00600001000000000000000236550000000001078510005000000000022649
00600001000000000000000236560000000001248760005000000000026224
00600001000000000000000236570000000000309920005000000000006508
00600001000000000000000236580000000002975210005000000000062479
00600001000000000000000236590000000001683470005000000000035353
00600001000000000000000236600000000000867770005000000000018223
00600001000000000000000236610000000000297520005000000000006248
00600001000000000000000236620000000006446280005000000000135372
00600001000000000000000236630000000000289260005000000000006074
00600001000000000000000236640000000000280990005000000000005901
00600001000000000000000236650000000000209090005000000000004391
00600001000000000000000236660000000001371900005000000000028810
00600001000000000000000236670000000000607440005000000000012756
00600001000000000000000236690000000000785120005000000000016488
00600001000000000000000236700000000000495870005000000000010413
00600001000000000000000236710000000000107440005000000000002256
00600001000000000000000236720000000000504130005000000000010587
00600001000000000000000236730000000000524790005000000000011021
00600001000000000000000236740000000000504130005000000000010587
00600001000000000000000236750000000000685950005000000000014405
00600001000000000000000236760000000000483470005000000000010153
00600001000000000000000236770000000000603310005000000000012669
00600001000000000000000236780000000000636360005000000000013364
00600001000000000000000236790000000000677690005000000000014231
00600001000000000000000236800000000001533060005000000000032194
00600001000000000000000236810000000000107440005000000000002256
00600001000000000000000236820000000001280990005000000000026901
00600001000000000000000236830000000000185950005000000000003905
00600001000000000000000236840000000000136360005000000000002864
00600001000000000000000236850000000000729750005000000000015325
00600001000000000000000236860000000000442150005000000000009285
00600001000000000000000236870000000000304130005000000000006387
00600001000000000000000236880000000000185950005000000000003905
00600001000000000000000236890000000000471070005000000000009893
00600001000000000000000236900000000000896690005000000000018831
00600001000000000000000236910000000000585120005000000000012288
00600001000000000000000236920000000001114050005000000000023395
00600001000000000000000236930000000000177690005000000000003731
00600001000000000000000236940000000000194210005000000000004079
00600001000000000000000236950000000000517360005000000000010864
00600001000000000000000236960000000001214880005000000000025512
00600001000000000000000236970000000000412400005000000000008660
00600001000000000000000236980000000000256200005000000000005380
00600001000000000000000236990000000000194210005000000000004079
00600001000000000000000237000000000000144630005000000000003037
00600001000000000000000237010000000000314050005000000000006595
00600001000000000000000237020000000001322310005000000000027769
00600001000000000000000237030000000000991740005000000000020826
00600001000000000000000237040000000000194210005000000000004079
00600001000000000000000237050000000000347110005000000000007289
00600001000000000000000237060000000000760330005000000000015967
00600001000000000000000237080000000001144630005000000000024037
00600001000000000000000237090000000000772730005000000000016227
00600001000000000000000237100000000000334710005000000000007029
00600001000000000000000237110000000000867770005000000000018223
00600001000000000000000237120000000001160330005000000000024367
00600001000000000000000237130000000000673550005000000000014145
00600001000000000000000237140000000001450410005000000000030459
00600001000000000000000237150000000000702480005000000000014752
00600001000000000000000237160000000000866940005000000000018206
00600001000000000000000237170000000000677690005000000000014231
00600001000000000000000237180000000000500000005000000000010500
00600001000000000000000237190000000000078510005000000000001649
00600001000000000000000237200000000000355370005000000000007463
00600001000000000000000237210000000000190080005000000000003992
00600001000000000000000237220000000000766940005000000000016106
00600001000000000000000237230000000001570250005000000000032975
00600001000000000000000237240000000000223140005000000000004686
00600001000000000000000237250000000000586780005000000000012322
00600001000000000000000237260000000000366940005000000000007706
00600001000000000000000237270000000000285120005000000000005988
00600001000000000000000237280000000000276860005000000000005814
00600001000000000000000237290000000000231400005000000000004860
00600001000000000000000237300000000000648760005000000000013624
00600001000000000000000237310000000000380170005000000000007983
00600001000000000000000237320000000003715700005000000000078030
00600001000000000000000237330000000000388430005000000000008157
00600001000000000000000237340000000013181820005000000000276818
00600001000000000000000237350000000000260330005000000000005467
00600001000000000000000237360000000001264460005000000000026554
00600001000000000000000237370000000001190080005000000000024992
00600001000000000000000237380000000000061980005000000000001302
00600001000000000000000237390000000000425620005000000000008938
00600001000000000000000237400000000000355370005000000000007463
00600001000000000000000237410000000002238020005000000000046998
00600001000000000000000237420000000000202480005000000000004252
00600001000000000000000237430000000000516530005000000000010847
00600001000000000000000237440000000003293390005000000000069161
00600001000000000000000237450000000000376030005000000000007897
00600001000000000000000237460000000001925620005000000000040438
00600001000000000000000237470000000000409090005000000000008591
00600001000000000000000237480000000000937190005000000000019681
00600001000000000000000237490000000000632230005000000000013277
00600001000000000000000237500000000000662810005000000000013919
00600001000000000000000237510000000000185950005000000000003905
00600001000000000000000237520000000000371900005000000000007810
00600001000000000000000237530000000002240500005000000000047050
00600001000000000000000237540000000000757020005000000000015898
00600001000000000000000237550000000000409090005000000000008591
00600001000000000000000237560000000000136360005000000000002864
00600001000000000000000237570000000000150410005000000000003159
00600001000000000000000237580000000000177690005000000000003731
00600001000000000000000237590000000000768600005000000000016140
00600001000000000000000237600000000000070250005000000000001475
00600001000000000000000237610000000000735540005000000000015446
00600001000000000000000237620000000000272730005000000000005727
00600001000000000000000237630000000000107440005000000000002256
00600001000000000000000237640000000000582640005000000000012236
00600001000000000000000237650000000000599170005000000000012583
00600001000000000000000237660000000000194210005000000000004079
00600001000000000000000237670000000000576860005000000000012114
00600001000000000000000237680000000000746280005000000000015672
00600001000000000000000237690000000000367770005000000000007723
00600001000000000000000237700000000000309920005000000000006508
00600001000000000000000237710000000000297520005000000000006248
00600001000000000000000237720000000000433880005000000000009112
00600001000000000000000237730000000000285120005000000000005988
00600001000000000000000237740000000000760330005000000000015967
00600001000000000000000237750000000000223140005000000000004686
00600001000000000000000237760000000003352070005000000000070393
00600001000000000000000237770000000001818180005000000000038182
00600001000000000000000237780000000000111570005000000000002343
00600001000000000000000237790000000000607440005000000000012756
00600001000000000000000237800000000000632230005000000000013277
00600001000000000000000237810000000001252070005000000000026293
00600001000000000000000237820000000000475210005000000000009979
00600001000000000000000237830000000000187600005000000000003940
00600001000000000000000237840000000000289260005000000000006074
00600001000000000000000237850000000000367770005000000000007723
00600001000000000000000237860000000000140500005000000000002950
00600001000000000000000237870000000001136360005000000000023864
00600001000000000000000237880000000000318180005000000000006682
00600001000000000000000237890000000000078510005000000000001649
00600001000000000000000237900000000000261160005000000000005484
00600001000000000000000237910000000001404960005000000000029504
00600001000000000000000237920000000000619830005000000000013017
00600001000000000000000237930000000000231400005000000000004860
00600001000000000000000237950000000000681820005000000000014318
00600001000000000000000237960000000001968600005000000000041340
00600001000000000000000237970000000001141320005000000000023968
00600001000000000000000237980000000000516530005000000000010847
00600001000000000000000237990000000000243800005000000000005120
00600001000000000000000238000000000000595040005000000000012496
00600001000000000000000238010000000000247930005000000000005207
00600001000000000000000238020000000000185950005000000000003905
00600001000000000000000238030000000000243800005000000000005120
00600001000000000000000238040000000000694210005000000000014579
00600001000000000000000238050000000000487600005000000000010240
00600001000000000000000238060000000000181820005000000000003818
00600001000000000000000238070000000002832230005000000000059477
00600001000000000000000238080000000000165290005000000000003471
00600001000000000000000238090000000000181820005000000000003818
00600001000000000000000238100000000000272730005000000000005727
00600001000000000000000238110000000000219010005000000000004599
00600001000000000000000238120000000000950410005000000000019959
00600001000000000000000238130000000000037190005000000000000781
00600001000000000000000238140000000000074380005000000000001562
00600001000000000000000238150000000000438020005000000000009198
00600001000000000000000238160000000000243800005000000000005120
00600001000000000000000238170000000000545450005000000000011455
00600001000000000000000238180000000001694210005000000000035579
00600001000000000000000238190000000000776860005000000000016314
00600001000000000000000238200000000000824790005000000000017321
00600001000000000000000238210000000001407440005000000000029556
00600001000000000000000238220000000002580170005000000000054183
00600001000000000000000000330000000001078510005000000000022649

