00100001000000000000000011950000000000322310005000000000006769
00100001000000000000000011960000000000619830005000000000013017
00100001000000000000000011970000000000479340005000000000010066
00100001000000000000000011980000000000433060005000000000009094
00100001000000000000000011990000000000574380005000000000012062
00100001000000000000000012000000000001280990005000000000026901
00100001000000000000000012010000000001223140005000000000025686
00100001000000000000000012020000000005979340005000000000125566
00100001000000000000000012030000000000376030005000000000007897
00600001000000000000000244630000000002103310005000000000044169
00600001000000000000000244640000000000376030005000000000007897
00600001000000000000000244650000000000747930005000000000015707
00600001000000000000000244660000000001527270005000000000032073
00600001000000000000000244670000000000227270005000000000004773
00600001000000000000000244680000000000725620005000000000015238
00600001000000000000000244700000000000198350005000000000004165
00600001000000000000000244710000000000574380005000000000012062
00600001000000000000000244720000000000669420005000000000014058
00600001000000000000000244730000000000289260005000000000006074
00600001000000000000000244740000000000709090005000000000014891
00600001000000000000000244750000000000576860005000000000012114
00600001000000000000000244760000000000483470005000000000010153
00600001000000000000000244770000000000301650005000000000006335
00600001000000000000000244780000000000433880005000000000009112
00600001000000000000000244790000000001611570005000000000033843
00600001000000000000000244810000000000078510005000000000001649
00600001000000000000000244820000000000326450005000000000006855
00600001000000000000000244830000000000628100005000000000013190
00600001000000000000000244840000000000099170005000000000002083
00600001000000000000000244850000000000411570005000000000008643
00600001000000000000000244860000000001549590005000000000032541
00600001000000000000000244870000000000400830005000000000008417
00600001000000000000000244880000000000107440005000000000002256
00600001000000000000000244890000000000739670005000000000015533
00600001000000000000000244900000000000227270005000000000004773
00600001000000000000000244910000000000826450005000000000017355
00600001000000000000000244920000000000049590005000000000001041
00600001000000000000000244930000000000392560005000000000008244
00600001000000000000000244940000000000466940005000000000009806
00600001000000000000000244950000000000380170005000000000007983
00600001000000000000000244960000000000354550005000000000007445
00600001000000000000000244970000000000404960005000000000008504
00600001000000000000000244980000000000148760005000000000003124
00600001000000000000000244990000000000561980005000000000011802
00600001000000000000000245000000000000659500005000000000013850
00600001000000000000000245010000000001509920005000000000031708
00600001000000000000000245020000000000702480005000000000014752
00600001000000000000000245030000000000863640005000000000018136
00600001000000000000000245040000000002103310005000000000044169
00600001000000000000000245050000000001074380005000000000022562
00600001000000000000000245060000000001256200005000000000026380
00600001000000000000000245070000000000326450005000000000006855
00600001000000000000000245080000000000487600005000000000010240
00600001000000000000000245090000000000289260005000000000006074
00600001000000000000000245100000000000950410005000000000019959
00600001000000000000000245120000000001590910005000000000033409
00600001000000000000000245130000000000636360005000000000013364
00600001000000000000000245140000000001053720005000000000022128
00600001000000000000000245150000000000446280005000000000009372
00600001000000000000000245160000000000760330005000000000015967
00600001000000000000000245170000000001161160005000000000024384
00600001000000000000000245180000000000659500005000000000013850
00600001000000000000000245190000000000061980005000000000001302
00600001000000000000000245200000000000111570005000000000002343
00600001000000000000000245210000000000458680005000000000009632
00600001000000000000000245220000000000421490005000000000008851
00600001000000000000000245230000000000190080005000000000003992
00600001000000000000000245240000000000202480005000000000004252
00600001000000000000000245250000000000305790005000000000006421
00600001000000000000000245260000000000541320005000000000011368
00600001000000000000000245270000000000293390005000000000006161
00600001000000000000000245280000000000745450005000000000015655
00600001000000000000000245290000000000305790005000000000006421
00600001000000000000000245300000000000628100005000000000013190
00600001000000000000000245310000000000772730005000000000016227
00600001000000000000000245320000000000289260005000000000006074
00600001000000000000000245330000000000469420005000000000009858
00600001000000000000000245340000000000264460005000000000005554
00600001000000000000000245350000000000190080005000000000003992
00600001000000000000000245360000000000585950005000000000012305
00600001000000000000000245370000000000628100005000000000013190
00600001000000000000000245380000000001432230005000000000030077
00600001000000000000000245390000000000586780005000000000012322
00600001000000000000000245400000000000590910005000000000012409
00600001000000000000000245410000000001142980005000000000024002
00600001000000000000000245420000000000714880005000000000015012
00600001000000000000000245430000000000214880005000000000004512
00600001000000000000000245440000000000185950005000000000003905
00600001000000000000000245450000000000488430005000000000010257
00600001000000000000000245460000000001876030005000000000039397
00600001000000000000000245470000000000390910005000000000008209
00600001000000000000000245480000000000123970005000000000002603
00600001000000000000000245490000000000338840005000000000007116
00600001000000000000000245500000000000144630005000000000003037
00600001000000000000000245510000000000506610005000000000010639
00600001000000000000000245520000000007049590005000000000148041
00600001000000000000000245530000000000371900005000000000007810
00600001000000000000000245540000000000223140005000000000004686
00600001000000000000000245550000000000805790005000000000016921
00600001000000000000000245560000000000347110005000000000007289
00600001000000000000000245570000000000585120005000000000012288
00600001000000000000000245580000000000132230005000000000002777
00600001000000000000000245590000000004421490005000000000092851
00600001000000000000000245600000000001738020005000000000036498
00600001000000000000000245610000000000202480005000000000004252
00600001000000000000000245620000000000392560005000000000008244
00600001000000000000000245630000000000809920005000000000017008
00600001000000000000000245640000000000316530005000000000006647
00600001000000000000000245650000000002011570005000000000042243
00600001000000000000000245660000000002582640005000000000054236
00600001000000000000000245670000000000297520005000000000006248
00600001000000000000000245680000000000195870005000000000004113
00600001000000000000000245690000000000481820005000000000010118
00600001000000000000000245700000000000152890005000000000003211
00600001000000000000000245710000000000322310005000000000006769
00600001000000000000000245720000000000727270005000000000015273
00600001000000000000000245730000000000438020005000000000009198
00600001000000000000000245740000000000357850005000000000007515
00600001000000000000000245750000000002735540005000000000057446
00600001000000000000000245760000000000607440005000000000012756
00600001000000000000000245770000000000491740005000000000010326
00600001000000000000000245780000000000574380005000000000012062
00600001000000000000000245790000000000442150005000000000009285
00600001000000000000000245800000000000190080005000000000003992
00600001000000000000000245810000000000132230005000000000002777
00600001000000000000000245820000000000537190005000000000011281
00600001000000000000000245830000000000561980005000000000011802
00600001000000000000000245840000000000359500005000000000007550
00600001000000000000000245850000000000173550005000000000003645
00600001000000000000000245860000000001685950005000000000035405
00600001000000000000000245870000000000328930005000000000006907
00600001000000000000000245880000000000392560005000000000008244
00600001000000000000000245890000000000099170005000000000002083
00600001000000000000000245900000000000824790005000000000017321
00600001000000000000000245910000000000314050005000000000006595
00600001000000000000000245920000000000611570005000000000012843
00600001000000000000000245930000000001074380005000000000022562
00600001000000000000000245940000000000326450005000000000006855
00600001000000000000000245950000000000659500005000000000013850
00600001000000000000000245960000000001136360005000000000023864
00600001000000000000000245970000000000694210005000000000014579
00600001000000000000000245980000000000264460005000000000005554
00600001000000000000000245990000000000950410005000000000019959
00600001000000000000000246000000000000272730005000000000005727
00600001000000000000000246010000000000413220005000000000008678
00600001000000000000000246020000000000681820005000000000014318
00600001000000000000000246030000000000140500005000000000002950
00600001000000000000000246040000000000648760005000000000013624
00600001000000000000000246050000000000341320005000000000007168
00600001000000000000000246060000000000198350005000000000004165
00600001000000000000000246070000000000793390005000000000016661
00600001000000000000000246080000000000396690005000000000008331
00600001000000000000000246090000000000416530005000000000008747
00600001000000000000000246100000000001552070005000000000032593
00600001000000000000000246110000000000223140005000000000004686
00600001000000000000000246120000000000454550005000000000009545
00600001000000000000000246130000000000214880005000000000004512
00600001000000000000000246140000000000064460005000000000001354
00600001000000000000000246150000000000152890005000000000003211
00600001000000000000000246160000000001342980005000000000028202
00600001000000000000000246170000000000783470005000000000016453
00600001000000000000000246180000000000152890005000000000003211
00600001000000000000000246190000000000231400005000000000004860
00600001000000000000000246200000000000376030005000000000007897
00600001000000000000000246210000000000206610005000000000004339
00600001000000000000000246220000000007380170005000000000154983
00600001000000000000000246230000000000285120005000000000005988
00600001000000000000000246240000000000064460005000000000001354
00600001000000000000000246250000000000326450005000000000006855
00600001000000000000000246260000000000276860005000000000005814
00600001000000000000000246280000000000194210005000000000004079
00600001000000000000000246290000000000057850005000000000001215
00600001000000000000000246300000000000735540005000000000015446
00600001000000000000000246310000000000257020005000000000005398
00600001000000000000000246320000000000842980005000000000017702
00600001000000000000000246330000000000572730005000000000012027
00600001000000000000000246340000000000206610005000000000004339
00600001000000000000000246350000000000462810005000000000009719
00600001000000000000000246360000000000123970005000000000002603
00600001000000000000000246370000000001326450005000000000027855
00600001000000000000000246380000000000371900005000000000007810
00600001000000000000000246390000000000789260005000000000016574
00600001000000000000000246400000000000144630005000000000003037
00600001000000000000000246410000000000155370005000000000003263
00600001000000000000000246420000000000533060005000000000011194
00600001000000000000000246430000000000471070005000000000009893
00600001000000000000000246440000000000593390005000000000012461
00600001000000000000000246450000000000847110005000000000017789
00600001000000000000000246460000000001855370005000000000038963
00600001000000000000000246470000000000705790005000000000014821
00600001000000000000000246480000000000483470005000000000010153
00600001000000000000000246490000000000847110005000000000017789
00600001000000000000000246500000000000128100005000000000002690
00600001000000000000000246510000000000289260005000000000006074
00600001000000000000000246520000000000433880005000000000009112
00600001000000000000000246530000000000960330005000000000020167
00600001000000000000000246540000000000605790005000000000012721
00600001000000000000000246550000000000702480005000000000014752
00600001000000000000000246560000000000297520005000000000006248
00600001000000000000000246570000000000392560005000000000008244
00600001000000000000000246580000000000289260005000000000006074
00600001000000000000000246590000000000417360005000000000008764
00600001000000000000000246600000000000289260005000000000006074
00600001000000000000000246610000000000776860005000000000016314
00600001000000000000000246620000000000227270005000000000004773
00600001000000000000000246630000000000086780005000000000001822
00600001000000000000000246640000000001165290005000000000024471
00600001000000000000000246650000000000318180005000000000006682
00600001000000000000000246660000000000297520005000000000006248
00600001000000000000000246670000000000283470005000000000005953
00600001000000000000000246680000000000399170005000000000008383
00600001000000000000000246690000000000148760005000000000003124
00600001000000000000000246700000000001561980005000000000032802
00600001000000000000000246710000000002495040005000000000052396
00600001000000000000000246720000000000793390005000000000016661
00600001000000000000000246730000000000413220005000000000008678
00600001000000000000000246740000000000585950005000000000012305
00600001000000000000000246750000000000483470005000000000010153
00600001000000000000000246760000000000185950005000000000003905
00600001000000000000000246770000000000648760005000000000013624
00600001000000000000000246780000000000289260005000000000006074
00600001000000000000000246790000000000923970005000000000019403
00600001000000000000000246800000000000000830005000000000000017
00600001000000000000000246810000000000388430005000000000008157
00600001000000000000000246820000000000099170005000000000002083
00600001000000000000000246830000000000260330005000000000005467
00600001000000000000000246840000000000165290005000000000003471
00600001000000000000000246850000000000264460005000000000005554
00600001000000000000000246860000000001070250005000000000022475
00600001000000000000000246870000000000326450005000000000006855
00600001000000000000000246880000000001280990005000000000026901
00600001000000000000000246890000000000648760005000000000013624
00600001000000000000000246900000000000243800005000000000005120
00600001000000000000000246910000000000223140005000000000004686
00600001000000000000000246920000000000454550005000000000009545
00600001000000000000000246930000000001438020005000000000030198
00600001000000000000000246940000000000411570005000000000008643
00600001000000000000000246950000000000194210005000000000004079
00600001000000000000000246960000000000746280005000000000015672
00600001000000000000000246970000000000694210005000000000014579
00600001000000000000000246980000000000724790005000000000015221
00600001000000000000000246990000000000128100005000000000002690
00600001000000000000000247000000000001074380005000000000022562
00600001000000000000000247010000000000078510005000000000001649
00600001000000000000000247020000000000603310005000000000012669
00600001000000000000000247030000000000318180005000000000006682
00600001000000000000000247040000000000499170005000000000010483
00600001000000000000000247050000000000644630005000000000013537
00600001000000000000000247060000000000384300005000000000008070
00600001000000000000000247070000000000409920005000000000008608
00600001000000000000000247080000000000607440005000000000012756
00600001000000000000000247090000000000076030005000000000001597
00600001000000000000000247100000000001322310005000000000027769
00600001000000000000000247110000000000541320005000000000011368
00600001000000000000000247120000000000177690005000000000003731
00600001000000000000000247130000000001339670005000000000028133
00600001000000000000000247140000000000285120005000000000005988
00600001000000000000000247150000000000280990005000000000005901
00600001000000000000000247160000000000528930005000000000011107
00600001000000000000000247170000000001837190005000000000038581
00600001000000000000000247180000000000355370005000000000007463
00600001000000000000000247190000000000322310005000000000006769
00600001000000000000000247200000000000659500005000000000013850
00600001000000000000000247210000000000590080005000000000012392
00600001000000000000000247220000000000074380005000000000001562
00600001000000000000000247230000000000392560005000000000008244
00600001000000000000000247240000000001033060005000000000021694
00600001000000000000000247250000000000452890005000000000009511
00600001000000000000000247260000000000900830005000000000018917
00600001000000000000000247270000000000061980005000000000001302
00600001000000000000000247280000000000308260005000000000006474
00600001000000000000000247290000000000438020005000000000009198
00600001000000000000000247300000000000433880005000000000009112
00600001000000000000000247310000000000280990005000000000005901
00600001000000000000000247320000000000603310005000000000012669
00600001000000000000000247330000000000452890005000000000009511
00600001000000000000000247340000000000805790005000000000016921
00600001000000000000000247350000000000119830005000000000002517
00600001000000000000000247360000000000202480005000000000004252
00600001000000000000000247370000000000144630005000000000003037
00600001000000000000000247380000000000161160005000000000003384
00600001000000000000000000370000000000863640005000000000018136

