00100001000000000000000011570000000000842980005000000000017702
00100001000000000000000011580000000006167770005000000000129523
00100001000000000000000011590000000000425620005000000000008938
00100001000000000000000011600000000001028930005000000000021607
00100001000000000000000011610000000004041320005000000000084868
00100001000000000000000011620000000001764460005000000000037054
00100001000000000000000011630000000000289260005000000000006074
00100001000000000000000011640000000003661160005000000000076884
00100001000000000000000011650000000000534710005000000000011229
00100001000000000000000011660000000000268600005000000000005640
00100001000000000000000011670000000001252070005000000000026293
00100001000000000000000011680000000001487600005000000000031240
00600001000000000000000136980000000000426450005000000000008955
00600001000000000000000136990000000000393390005000000000008261
00600001000000000000000137000000000001011570005000000000021243
00600001000000000000000238230000000000805790005000000000016921
00600001000000000000000238240000000000475210005000000000009979
00600001000000000000000238250000000000640500005000000000013450
00600001000000000000000238260000000000322310005000000000006769
00600001000000000000000238270000000000356200005000000000007480
00600001000000000000000238280000000000272730005000000000005727
00600001000000000000000238290000000000383470005000000000008053
00600001000000000000000238300000000000250410005000000000005259
00600001000000000000000238310000000001012400005000000000021260
00600001000000000000000238320000000000268600005000000000005640
00600001000000000000000238330000000000466940005000000000009806
00600001000000000000000238340000000000367770005000000000007723
00600001000000000000000238350000000000206610005000000000004339
00600001000000000000000238360000000000342980005000000000007202
00600001000000000000000238370000000000990910005000000000020809
00600001000000000000000238380000000000231400005000000000004860
00600001000000000000000238390000000000462810005000000000009719
00600001000000000000000238400000000000368600005000000000007740
00600001000000000000000238410000000000574380005000000000012062
00600001000000000000000238420000000000450410005000000000009459
00600001000000000000000238430000000004376030005000000000091897
00600001000000000000000238440000000000177690005000000000003731
00600001000000000000000238450000000000491740005000000000010326
00600001000000000000000238460000000000975210005000000000020479
00600001000000000000000238480000000000326450005000000000006855
00600001000000000000000238490000000000305790005000000000006421
00600001000000000000000238500000000000289260005000000000006074
00600001000000000000000238510000000000793390005000000000016661
00600001000000000000000238520000000003272730005000000000068727
00600001000000000000000238530000000000132230005000000000002777
00600001000000000000000238540000000001061160005000000000022284
00600001000000000000000238550000000000304130005000000000006387
00600001000000000000000238560000000000520660005000000000010934
00600001000000000000000238570000000000946280005000000000019872
00600001000000000000000238580000000000504130005000000000010587
00600001000000000000000238590000000000690080005000000000014492
00600001000000000000000238600000000000161160005000000000003384
00600001000000000000000238610000000001188430005000000000024957
00600001000000000000000238620000000000309090005000000000006491
00600001000000000000000238630000000000142150005000000000002985
00600001000000000000000238640000000000436360005000000000009164
00600001000000000000000238650000000000607440005000000000012756
00600001000000000000000238660000000000537190005000000000011281
00600001000000000000000238670000000001053720005000000000022128
00600001000000000000000238680000000000739670005000000000015533
00600001000000000000000238690000000000417360005000000000008764
00600001000000000000000238700000000001161160005000000000024384
00600001000000000000000238710000000000963640005000000000020236
00600001000000000000000238720000000000595040005000000000012496
00600001000000000000000238730000000000128930005000000000002707
00600001000000000000000238740000000000276860005000000000005814
00600001000000000000000238750000000000185950005000000000003905
00600001000000000000000238760000000000152890005000000000003211
00600001000000000000000238770000000000710740005000000000014926
00600001000000000000000238780000000001379340005000000000028966
00600001000000000000000238790000000000355370005000000000007463
00600001000000000000000238800000000000371900005000000000007810
00600001000000000000000238810000000000367770005000000000007723
00600001000000000000000238820000000001301650005000000000027335
00600001000000000000000238830000000000380170005000000000007983
00600001000000000000000238840000000000349590005000000000007341
00600001000000000000000238850000000000297520005000000000006248
00600001000000000000000238860000000000261160005000000000005484
00600001000000000000000238880000000000260330005000000000005467
00600001000000000000000238890000000000528930005000000000011107
00600001000000000000000238900000000000129750005000000000002725
00600001000000000000000238910000000000326450005000000000006855
00600001000000000000000238920000000000161160005000000000003384
00600001000000000000000238940000000000417360005000000000008764
00600001000000000000000238950000000000104130005000000000002187
00600001000000000000000238960000000000157020005000000000003298
00600001000000000000000238970000000000495870005000000000010413
00600001000000000000000238980000000000826450005000000000017355
00600001000000000000000238990000000000413220005000000000008678
00600001000000000000000239000000000000107440005000000000002256
00600001000000000000000239010000000000342980005000000000007202
00600001000000000000000239020000000001276860005000000000026814
00600001000000000000000239030000000000364460005000000000007654
00600001000000000000000239040000000000260330005000000000005467
00600001000000000000000239050000000000148760005000000000003124
00600001000000000000000239060000000000576860005000000000012114
00600001000000000000000239070000000000508260005000000000010674
00600001000000000000000239090000000000475210005000000000009979
00600001000000000000000239100000000000384300005000000000008070
00600001000000000000000239110000000000822310005000000000017269
00600001000000000000000239120000000001849590005000000000038841
00600001000000000000000239130000000000508260005000000000010674
00600001000000000000000239140000000001066120005000000000022388
00600001000000000000000239150000000000308260005000000000006474
00600001000000000000000239160000000000380170005000000000007983
00600001000000000000000239170000000001561980005000000000032802
00600001000000000000000239180000000000214880005000000000004512
00600001000000000000000239190000000000136360005000000000002864
00600001000000000000000239200000000000227270005000000000004773
00600001000000000000000239210000000000367770005000000000007723
00600001000000000000000239220000000000287600005000000000006040
00600001000000000000000239230000000000483470005000000000010153
00600001000000000000000239240000000000325620005000000000006838
00600001000000000000000239250000000000342980005000000000007202
00600001000000000000000239260000000000090910005000000000001909
00600001000000000000000239270000000000637190005000000000013381
00600001000000000000000239280000000000388430005000000000008157
00600001000000000000000239290000000000252070005000000000005293
00600001000000000000000239300000000000533060005000000000011194
00600001000000000000000239310000000000157020005000000000003298
00600001000000000000000239320000000000545450005000000000011455
00600001000000000000000239330000000000112400005000000000002360
00600001000000000000000239340000000000760330005000000000015967
00600001000000000000000239350000000000685950005000000000014405
00600001000000000000000239360000000000933060005000000000019594
00600001000000000000000239370000000000475210005000000000009979
00600001000000000000000239380000000000628100005000000000013190
00600001000000000000000239390000000000111570005000000000002343
00600001000000000000000239400000000000148760005000000000003124
00600001000000000000000239410000000000574380005000000000012062
00600001000000000000000239420000000000461160005000000000009684
00600001000000000000000239430000000000221490005000000000004651
00600001000000000000000239440000000000392560005000000000008244
00600001000000000000000239450000000001326450005000000000027855
00600001000000000000000239460000000000392560005000000000008244
00600001000000000000000239470000000000921490005000000000019351
00600001000000000000000239480000000001611570005000000000033843
00600001000000000000000239490000000001462810005000000000030719
00600001000000000000000239500000000000409090005000000000008591
00600001000000000000000239510000000000574380005000000000012062
00600001000000000000000239520000000000557850005000000000011715
00600001000000000000000239530000000000442150005000000000009285
00600001000000000000000239540000000000268600005000000000005640
00600001000000000000000239550000000000790080005000000000016592
00600001000000000000000239560000000000574380005000000000012062
00600001000000000000000239570000000001388430005000000000029157
00600001000000000000000239580000000000367770005000000000007723
00600001000000000000000239590000000001392560005000000000029244
00600001000000000000000239600000000000140500005000000000002950
00600001000000000000000239610000000000517360005000000000010864
00600001000000000000000239620000000000112400005000000000002360
00600001000000000000000239630000000000367770005000000000007723
00600001000000000000000239640000000000136360005000000000002864
00600001000000000000000239650000000000491740005000000000010326
00600001000000000000000239660000000000958680005000000000020132
00600001000000000000000239670000000000809920005000000000017008
00600001000000000000000239680000000000397520005000000000008348
00600001000000000000000239690000000000127270005000000000002673
00600001000000000000000239700000000001136360005000000000023864
00600001000000000000000239710000000000859500005000000000018050
00600001000000000000000239720000000001095040005000000000022996
00600001000000000000000239730000000000380170005000000000007983
00600001000000000000000239740000000000170250005000000000003575
00600001000000000000000239750000000000801650005000000000016835
00600001000000000000000239760000000000297520005000000000006248
00600001000000000000000239770000000000884300005000000000018570
00600001000000000000000239780000000000520660005000000000010934
00600001000000000000000239790000000000198350005000000000004165
00600001000000000000000239800000000001309920005000000000027508
00600001000000000000000239810000000000479340005000000000010066
00600001000000000000000239820000000000283470005000000000005953
00600001000000000000000239830000000000835540005000000000017546
00600001000000000000000239840000000000367770005000000000007723
00600001000000000000000239850000000000132230005000000000002777
00600001000000000000000239860000000000272730005000000000005727
00600001000000000000000239870000000003123970005000000000065603
00600001000000000000000239880000000000194210005000000000004079
00600001000000000000000239890000000001078510005000000000022649
00600001000000000000000239900000000000227270005000000000004773
00600001000000000000000239910000000000231400005000000000004860
00600001000000000000000239920000000000289260005000000000006074
00600001000000000000000239930000000001706610005000000000035839
00600001000000000000000239940000000001528930005000000000032107
00600001000000000000000239950000000000342980005000000000007202
00600001000000000000000239960000000000074380005000000000001562
00600001000000000000000239970000000000384300005000000000008070
00600001000000000000000239980000000001272730005000000000026727
00600001000000000000000239990000000000702480005000000000014752
00600001000000000000000240000000000000603310005000000000012669
00600001000000000000000240010000000000516530005000000000010847
00600001000000000000000240020000000000570250005000000000011975
00600001000000000000000240030000000000161160005000000000003384
00600001000000000000000240040000000000475210005000000000009979
00600001000000000000000240050000000000103310005000000000002169
00600001000000000000000240060000000000409090005000000000008591
00600001000000000000000240070000000000194210005000000000004079
00600001000000000000000240080000000000144630005000000000003037
00600001000000000000000240090000000000413220005000000000008678
00600001000000000000000240100000000000256200005000000000005380
00600001000000000000000240110000000000123970005000000000002603
00600001000000000000000240120000000000314050005000000000006595
00600001000000000000000240130000000000388430005000000000008157
00600001000000000000000240140000000000582640005000000000012236
00600001000000000000000240150000000000752070005000000000015793
00600001000000000000000240160000000000316530005000000000006647
00600001000000000000000240170000000000297520005000000000006248
00600001000000000000000240180000000000123970005000000000002603
00600001000000000000000240190000000000266940005000000000005606
00600001000000000000000240200000000000285120005000000000005988
00600001000000000000000240210000000000884300005000000000018570
00600001000000000000000240220000000000475210005000000000009979
00600001000000000000000240230000000000111570005000000000002343
00600001000000000000000240240000000000766940005000000000016106
00600001000000000000000240250000000000396690005000000000008331
00600001000000000000000240260000000001859500005000000000039050
00600001000000000000000240270000000000659500005000000000013850
00600001000000000000000240280000000001280990005000000000026901
00600001000000000000000240290000000000328930005000000000006907
00600001000000000000000240300000000000508260005000000000010674
00600001000000000000000240310000000000177690005000000000003731
00600001000000000000000240320000000000615700005000000000012930
00600001000000000000000240340000000001020660005000000000021434
00600001000000000000000240350000000002229750005000000000046825
00600001000000000000000240360000000001114050005000000000023395
00600001000000000000000240370000000000190080005000000000003992
00600001000000000000000240380000000000958680005000000000020132
00600001000000000000000240390000000001241320005000000000026068
00600001000000000000000240400000000000828930005000000000017407
00600001000000000000000240410000000000206610005000000000004339
00600001000000000000000240420000000000838840005000000000017616
00600001000000000000000240430000000000735540005000000000015446
00600001000000000000000240440000000002475210005000000000051979
00600001000000000000000240450000000002760330005000000000057967
00600001000000000000000240460000000000512400005000000000010760
00600001000000000000000240470000000000190080005000000000003992
00600001000000000000000240480000000000480170005000000000010083
00600001000000000000000240490000000000576860005000000000012114
00600001000000000000000240500000000000462810005000000000009719
00600001000000000000000240510000000000138020005000000000002898
00600001000000000000000240520000000000545450005000000000011455
00600001000000000000000240530000000000388430005000000000008157
00600001000000000000000240540000000000038840005000000000000816
00600001000000000000000240550000000000475210005000000000009979
00600001000000000000000240560000000001465290005000000000030771
00600001000000000000000240570000000001326450005000000000027855
00600001000000000000000240580000000001196690005000000000025131
00600001000000000000000240590000000000957020005000000000020098
00600001000000000000000240600000000000210740005000000000004426
00600001000000000000000240610000000000619830005000000000013017
00600001000000000000000240620000000000286780005000000000006022
00600001000000000000000240630000000000685950005000000000014405
00600001000000000000000240640000000002166940005000000000045506
00600001000000000000000240650000000000061980005000000000001302
00600001000000000000000240660000000000433880005000000000009112
00600001000000000000000240670000000001785120005000000000037488
00600001000000000000000240680000000000312400005000000000006560
00600001000000000000000240690000000000698350005000000000014665
00600001000000000000000240700000000000148760005000000000003124
00600001000000000000000240710000000000235540005000000000004946
00600001000000000000000240720000000000476860005000000000010014
00600001000000000000000240730000000000454550005000000000009545
00600001000000000000000240740000000000227270005000000000004773
00600001000000000000000240750000000000214880005000000000004512
00600001000000000000000240760000000000095040005000000000001996
00600001000000000000000240770000000000309920005000000000006508
00600001000000000000000240780000000000578510005000000000012149
00600001000000000000000240800000000000619830005000000000013017
00600001000000000000000240810000000000607440005000000000012756
00600001000000000000000240820000000000318180005000000000006682
00600001000000000000000240830000000000190080005000000000003992
00600001000000000000000240840000000000239670005000000000005033
00600001000000000000000240850000000000780990005000000000016401
00600001000000000000000240860000000001260330005000000000026467
00600001000000000000000240870000000000367770005000000000007723
00600001000000000000000240880000000000603310005000000000012669
00600001000000000000000240890000000000305790005000000000006421
00600001000000000000000240900000000000264460005000000000005554
00600001000000000000000240910000000000400830005000000000008417
00600001000000000000000240920000000000152890005000000000003211
00600001000000000000000240930000000000409090005000000000008591
00600001000000000000000240940000000000504130005000000000010587
00600001000000000000000240950000000000619830005000000000013017
00600001000000000000000240960000000000814050005000000000017095
00600001000000000000000240970000000000371900005000000000007810
00600001000000000000000240980000000000528930005000000000011107
00600001000000000000000240990000000000849590005000000000017841
00600001000000000000000241000000000001136360005000000000023864
00600001000000000000000241010000000001387600005000000000029140
00600001000000000000000241020000000000324790005000000000006821
00600001000000000000000241030000000000438020005000000000009198
00600001000000000000000241040000000000202480005000000000004252
00600001000000000000000241050000000000438020005000000000009198
00600001000000000000000241060000000000272730005000000000005727
00600001000000000000000241070000000000123970005000000000002603
00600001000000000000000241080000000000185950005000000000003905
00600001000000000000000241090000000000711570005000000000014943
00600001000000000000000241100000000000958680005000000000020132
00600001000000000000000241110000000001388430005000000000029157
00600001000000000000000241120000000000619830005000000000013017
00600001000000000000000241130000000003064460005000000000064354
00600001000000000000000241140000000000322310005000000000006769
00600001000000000000000241150000000000899170005000000000018883
00600001000000000000000241160000000000185950005000000000003905
00600001000000000000000241170000000000231400005000000000004860
00600001000000000000000241180000000000330580005000000000006942
00600001000000000000000241190000000000644630005000000000013537
00600001000000000000000241200000000000190080005000000000003992
00600001000000000000000241210000000001282640005000000000026936
00600001000000000000000241220000000001219010005000000000025599
00600001000000000000000241230000000000580170005000000000012183
00600001000000000000000241240000000000640500005000000000013450
00600001000000000000000241250000000000834710005000000000017529
00600001000000000000000241260000000000466940005000000000009806
00600001000000000000000241270000000000694210005000000000014579
00600001000000000000000241280000000000123970005000000000002603
00600001000000000000000241290000000000256200005000000000005380
00600001000000000000000241300000000000396690005000000000008331
00600001000000000000000241310000000000378510005000000000007949
00600001000000000000000241320000000000995870005000000000020913
00600001000000000000000241330000000000384300005000000000008070
00600001000000000000000241340000000000719010005000000000015099
00600001000000000000000241350000000000466940005000000000009806

